0.001000	0.489981  	0.001000	0.248131  	0.001000	0.243259  	0.001000	0.243259  	0.001000	0.123413  	0.001000	0.124718  	
0.002000	0.531886  	0.002000	0.27158   	0.002000	0.26828   	0.002000	0.26828   	0.002000	0.17094   	0.002000	0.10064   	
0.005000	0.641152  	0.005000	0.329101  	0.005000	0.33121   	0.005000	0.33121   	0.005000	0.262952  	0.005000	0.066149  	
0.008000	0.728913  	0.008000	0.37869   	0.008000	0.386014  	0.008000	0.386014  	0.008000	0.327954  	0.008000	0.0507364 	
0.010000	0.779348  	0.010000	0.408514  	0.010000	0.419148  	0.010000	0.419148  	0.010000	0.364217  	0.010000	0.0442972 	
0.015000	0.90751   	0.015000	0.474817  	0.015000	0.493233  	0.015000	0.493233  	0.015000	0.44068   	0.015000	0.0341366 	
0.020000	1.00999   	0.020000	0.539104  	0.020000	0.573191  	0.020000	0.573191  	0.020000	0.511001  	0.020000	0.0281034 	
0.025000	1.12317   	0.025000	0.605178  	0.025000	0.654236  	0.025000	0.654236  	0.025000	0.581126  	0.025000	0.0240515 	
0.030000	1.2191    	0.030000	0.665977  	0.030000	0.710604  	0.030000	0.710604  	0.030000	0.645051  	0.030000	0.0209261 	
0.035000	1.29798   	0.035000	0.722164  	0.035000	0.761906  	0.035000	0.761906  	0.035000	0.703449  	0.035000	0.0187156 	
0.040000	1.36016   	0.040000	0.773812  	0.040000	0.808281  	0.040000	0.808281  	0.040000	0.756845  	0.040000	0.0169665 	
0.045000	1.40627   	0.045000	0.821271  	0.045000	0.850086  	0.045000	0.850086  	0.045000	0.805727  	0.045000	0.0155443 	
0.050000	1.43727   	0.050000	0.864929  	0.050000	0.887682  	0.050000	0.887682  	0.050000	0.850567  	0.050000	0.0143625 	
0.055000	1.49983   	0.055000	0.901248  	0.055000	0.92143   	0.055000	0.92143   	0.055000	0.887885  	0.055000	0.0133633 	
0.060000	1.55312   	0.060000	0.934342  	0.060000	0.951689  	0.060000	0.951689  	0.060000	0.921836  	0.060000	0.0125062 	
0.070000	1.63453   	0.070000	0.992553  	0.070000	1.00311   	0.070000	1.00311   	0.070000	0.981444  	0.070000	0.0111091 	
0.080000	1.72188   	0.080000	1.0408    	0.080000	1.04453   	0.080000	1.04453   	0.080000	1.03079   	0.080000	0.0100156 	
0.090000	1.7905    	0.090000	1.08327   	0.090000	1.07813   	0.090000	1.07813   	0.090000	1.07414   	0.090000	0.00913423	
0.100000	1.84554   	0.100000	1.12366   	0.100000	1.10571   	0.100000	1.10571   	0.100000	1.11525   	0.100000	0.00840715	
0.120000	1.87897   	0.120000	1.16666   	0.120000	1.14809   	0.120000	1.14809   	0.120000	1.15938   	0.120000	0.00727466	
0.140000	1.89224   	0.140000	1.20027   	0.140000	1.17924   	0.140000	1.17924   	0.140000	1.19384   	0.140000	0.00643016	
0.160000	1.89694   	0.160000	1.22708   	0.160000	1.20337   	0.160000	1.20337   	0.160000	1.2213    	0.160000	0.00577399	
0.180000	1.89654   	0.180000	1.24411   	0.180000	1.22276   	0.180000	1.22276   	0.180000	1.23887   	0.180000	0.00524816	
0.200000	1.90068   	0.200000	1.25913   	0.200000	1.23867   	0.200000	1.23867   	0.200000	1.25432   	0.200000	0.00481652	
0.250000	1.86599   	0.250000	1.27007   	0.250000	1.26743   	0.250000	1.26743   	0.250000	1.26605   	0.250000	0.00401107	
0.300000	1.87364   	0.300000	1.28934   	0.300000	1.28469   	0.300000	1.28469   	0.300000	1.28589   	0.300000	0.00345005	
0.350000	1.88768   	0.350000	1.30488   	0.350000	1.29356   	0.350000	1.29356   	0.350000	1.30184   	0.350000	0.00303508	
0.400000	1.88438   	0.400000	1.30193   	0.400000	1.29771   	0.400000	1.29771   	0.400000	1.29922   	0.400000	0.00271473	
0.450000	1.87398   	0.450000	1.29007   	0.450000	1.30652   	0.450000	1.30652   	0.450000	1.28761   	0.450000	0.00245939	
0.500000	1.86873   	0.500000	1.27942   	0.500000	1.30856   	0.500000	1.30856   	0.500000	1.27717   	0.500000	0.00225071	
0.600000	1.78569   	0.600000	1.26972   	0.600000	1.29902   	0.600000	1.29902   	0.600000	1.2678    	0.600000	0.00192934	
0.700000	1.69241   	0.700000	1.24982   	0.700000	1.27525   	0.700000	1.27525   	0.700000	1.24813   	0.700000	0.00169266	
0.800000	1.6564    	0.800000	1.24153   	0.800000	1.24597   	0.800000	1.24597   	0.800000	1.24002   	0.800000	0.0015106 	
0.900000	1.61663   	0.900000	1.2293    	0.900000	1.2148    	0.900000	1.2148    	0.900000	1.22794   	0.900000	0.0013659 	
1.000000	1.57481   	1.000000	1.21478   	1.000000	1.18307   	1.000000	1.18307   	1.000000	1.21353   	1.000000	0.00124795	
1.250000	1.45543   	1.250000	1.14402   	1.250000	1.10397   	1.250000	1.10397   	1.250000	1.14299   	1.250000	0.00102993	
1.500000	1.33251   	1.500000	1.06467   	1.500000	1.02803   	1.500000	1.02803   	1.500000	1.06379   	1.500000	0.000879771	
1.750000	1.22762   	1.750000	0.996867  	1.750000	0.962322  	1.750000	0.962322  	1.750000	0.996098  	1.750000	0.000769668	
2.000000	1.13002   	2.000000	0.93162   	2.000000	0.904639  	2.000000	0.904639  	2.000000	0.930934  	2.000000	0.000685268	
2.250000	1.04884   	2.250000	0.869801  	2.250000	0.853535  	2.250000	0.853535  	2.250000	0.869182  	2.250000	0.000618385	
2.500000	0.976789  	2.500000	0.817727  	2.500000	0.807948  	2.500000	0.807948  	2.500000	0.817163  	2.500000	0.000564  	
3.000000	0.870456  	3.000000	0.733609  	3.000000	0.730175  	3.000000	0.730175  	3.000000	0.733128  	3.000000	0.000480748	
3.500000	0.785977  	3.500000	0.667253  	3.500000	0.666396  	3.500000	0.666396  	3.500000	0.666833  	3.500000	0.000419859	
4.000000	0.717228  	4.000000	0.613328  	4.000000	0.61323   	4.000000	0.61323   	4.000000	0.612955  	4.000000	0.000373281	
4.500000	0.660162  	4.500000	0.568428  	4.500000	0.568275  	4.500000	0.568275  	4.500000	0.568092  	4.500000	0.000336435	
5.000000	0.612008  	5.000000	0.530281  	5.000000	0.529782  	5.000000	0.529782  	5.000000	0.529974  	5.000000	0.000306518	
5.500000	0.570808  	5.500000	0.497379  	5.500000	0.496456  	5.500000	0.496456  	5.500000	0.497097  	5.500000	0.000281717	
6.000000	0.535139  	6.000000	0.468661  	6.000000	0.467322  	6.000000	0.467322  	6.000000	0.4684    	6.000000	0.000260806	
6.500000	0.503945  	6.500000	0.443347  	6.500000	0.441631  	6.500000	0.441631  	6.500000	0.443104  	6.500000	0.000242922	
7.000000	0.476423  	7.000000	0.420849  	7.000000	0.418803  	7.000000	0.418803  	7.000000	0.420621  	7.000000	0.000227442	
7.500000	0.451952  	7.500000	0.400708  	7.500000	0.398378  	7.500000	0.398378  	7.500000	0.400494  	7.500000	0.000213907	
8.000000	0.430044  	8.000000	0.382565  	8.000000	0.379993  	8.000000	0.379993  	8.000000	0.382363  	8.000000	0.000201964	
8.500000	0.410311  	8.500000	0.366129  	8.500000	0.363351  	8.500000	0.363351  	8.500000	0.365938  	8.500000	0.000191345	
9.000000	0.392441  	9.000000	0.351166  	9.000000	0.348212  	9.000000	0.348212  	9.000000	0.350984  	9.000000	0.000181838	
9.500000	0.376177  	9.500000	0.337481  	9.500000	0.334379  	9.500000	0.334379  	9.500000	0.337308  	9.500000	0.000173274	
10.000000	0.361309  	10.000000	0.326469  	10.000000	0.321685  	10.000000	0.321685  	10.000000	0.326303  	10.000000	0.000165518	
11.000000	0.335092  	11.000000	0.304931  	11.000000	0.299308  	11.000000	0.299552  	11.000000	0.304779  	11.000000	0.000152003	
12.000000	0.312694  	12.000000	0.286158  	12.000000	0.280105  	12.000000	0.280509  	12.000000	0.286018  	12.000000	0.000140619	
13.000000	0.293329  	13.000000	0.269663  	13.000000	0.263443  	13.000000	0.26395   	13.000000	0.269533  	13.000000	0.000130891	
14.000000	0.276411  	14.000000	0.255064  	14.000000	0.248841  	14.000000	0.249415  	14.000000	0.254941  	14.000000	0.000122478	
15.000000	0.261497  	15.000000	0.242054  	15.000000	0.235936  	15.000000	0.236554  	15.000000	0.241939  	15.000000	0.000115126	
16.000000	0.248246  	16.000000	0.230391  	16.000000	0.224454  	16.000000	0.225092  	16.000000	0.230282  	16.000000	0.000108644	
17.000000	0.236391  	17.000000	0.219877  	17.000000	0.214172  	17.000000	0.214811  	17.000000	0.219774  	17.000000	0.000102884	
18.000000	0.225719  	18.000000	0.21035   	18.000000	0.204901  	18.000000	0.205537  	18.000000	0.210252  	18.000000	9.77296e-05	
19.000000	0.216059  	19.000000	0.201678  	19.000000	0.196499  	19.000000	0.19713   	19.000000	0.201585  	19.000000	9.30892e-05	
20.000000	0.207271  	20.000000	0.193751  	20.000000	0.188857  	20.000000	0.189473  	20.000000	0.193662  	20.000000	8.88884e-05	
21.000000	0.199241  	21.000000	0.186476  	21.000000	0.181878  	21.000000	0.182471  	21.000000	0.186391  	21.000000	8.50665e-05	
22.000000	0.191872  	22.000000	0.179776  	22.000000	0.175475  	22.000000	0.176044  	22.000000	0.179694  	22.000000	8.15738e-05	
23.000000	0.185086  	23.000000	0.173585  	23.000000	0.169578  	23.000000	0.170124  	23.000000	0.173507  	23.000000	7.83689e-05	
24.000000	0.178815  	24.000000	0.167847  	24.000000	0.16413   	24.000000	0.164655  	24.000000	0.167771  	24.000000	7.54172e-05	
25.000000	0.173     	25.000000	0.162513  	25.000000	0.159082  	25.000000	0.159587  	25.000000	0.162441  	25.000000	7.26893e-05	
27.000000	0.162554  	27.000000	0.152899  	27.000000	0.150036  	27.000000	0.150494  	27.000000	0.152831  	27.000000	6.7809e-05	
29.000000	0.15343   	29.000000	0.144469  	29.000000	0.142174  	29.000000	0.142574  	29.000000	0.144406  	29.000000	6.35683e-05	
31.000000	0.145389  	31.000000	0.137017  	31.000000	0.1351    	31.000000	0.135427  	31.000000	0.136957  	31.000000	5.98476e-05	
33.000000	0.138245  	33.000000	0.13038   	33.000000	0.128634  	33.000000	0.128895  	33.000000	0.130323  	33.000000	5.65556e-05	
35.000000	0.131854  	35.000000	0.12443   	35.000000	0.122839  	35.000000	0.123042  	35.000000	0.124376  	35.000000	5.36211e-05	
38.000000	0.123433  	38.000000	0.116573  	38.000000	0.115188  	38.000000	0.115317  	38.000000	0.116524  	38.000000	4.97706e-05	
41.000000	0.116154  	41.000000	0.109769  	41.000000	0.108562  	41.000000	0.108626  	41.000000	0.109722  	41.000000	4.64567e-05	
44.000000	0.109796  	44.000000	0.103815  	44.000000	0.102745  	44.000000	0.102772  	44.000000	0.103771  	44.000000	4.3573e-05	
47.000000	0.10419   	47.000000	0.0985607 	47.000000	0.0976166 	47.000000	0.0976034 	47.000000	0.0985197 	47.000000	4.104e-05 	
50.000000	0.0992089 	50.000000	0.093888  	50.000000	0.0930503 	50.000000	0.0930049 	50.000000	0.0938492 	50.000000	3.87964e-05	
55.000000	0.0920309 	55.000000	0.0871498 	55.000000	0.0864463 	55.000000	0.0863689 	55.000000	0.0871143 	55.000000	3.5576e-05	
60.000000	0.0859677 	60.000000	0.0814558 	60.000000	0.0808573 	60.000000	0.0807556 	60.000000	0.0814229 	60.000000	3.28678e-05	
65.000000	0.0807738 	65.000000	0.0765781 	65.000000	0.0760551 	65.000000	0.075942  	65.000000	0.0765476 	65.000000	3.05573e-05	
70.000000	0.0762714 	70.000000	0.0723513 	70.000000	0.0719005 	70.000000	0.0717663 	70.000000	0.0723228 	70.000000	2.85618e-05	
75.000000	0.0723285 	75.000000	0.0686519 	75.000000	0.0682466 	75.000000	0.0681079 	75.000000	0.0686251 	75.000000	2.68204e-05	
80.000000	0.0688449 	80.000000	0.0653859 	80.000000	0.0650262 	80.000000	0.064875  	80.000000	0.0653606 	80.000000	2.52868e-05	
85.000000	0.0657431 	85.000000	0.0624807 	85.000000	0.0621496 	85.000000	0.0619965 	85.000000	0.0624568 	85.000000	2.39255e-05	
90.000000	0.0629623 	90.000000	0.059879  	90.000000	0.0595795 	90.000000	0.0594166 	90.000000	0.0598563 	90.000000	2.27086e-05	
95.000000	0.0604541 	95.000000	0.0575352 	95.000000	0.0572536 	95.000000	0.0570904 	95.000000	0.0575136 	95.000000	2.16141e-05	
100.000000	0.0581794 	100.000000	0.0554124 	100.000000	0.0551455 	100.000000	0.054982  	100.000000	0.0553917 	100.000000	2.06241e-05	
105.000000	0.0561063 	105.000000	0.0534803 	105.000000	0.0532249 	105.000000	0.0530618 	105.000000	0.0534606 	105.000000	1.97242e-05	
110.000000	0.0542086 	110.000000	0.0517143 	110.000000	0.0514745 	110.000000	0.0513055 	110.000000	0.0516954 	110.000000	1.89024e-05	
115.000000	0.0524643 	115.000000	0.0500936 	115.000000	0.0498636 	115.000000	0.0496927 	115.000000	0.0500755 	115.000000	1.81489e-05	
120.000000	0.0508551 	120.000000	0.0486008 	120.000000	0.0483761 	120.000000	0.0482065 	120.000000	0.0485834 	120.000000	1.74555e-05	
125.000000	0.0493656 	125.000000	0.0472213 	125.000000	0.0470016 	125.000000	0.0468323 	125.000000	0.0472045 	125.000000	1.6815e-05	
130.000000	0.0479826 	130.000000	0.0459425 	130.000000	0.0457267 	130.000000	0.045558  	130.000000	0.0459263 	130.000000	1.62216e-05	
135.000000	0.0466946 	135.000000	0.0447537 	135.000000	0.0445409 	135.000000	0.0443728 	135.000000	0.044738  	135.000000	1.56703e-05	
140.000000	0.0454921 	140.000000	0.0436456 	140.000000	0.0434353 	140.000000	0.0432678 	140.000000	0.0436305 	140.000000	1.51566e-05	
145.000000	0.0443666 	145.000000	0.0426104 	145.000000	0.0424019 	145.000000	0.0422351 	145.000000	0.0425957 	145.000000	1.46767e-05	
150.000000	0.0433107 	150.000000	0.0416409 	150.000000	0.0414339 	150.000000	0.0412677 	150.000000	0.0416267 	150.000000	1.42275e-05	
155.000000	0.0418239 	155.000000	0.0407311 	155.000000	0.0405251 	155.000000	0.0403596 	155.000000	0.0407173 	155.000000	1.38059e-05	
160.000000	0.0409524 	160.000000	0.0398755 	160.000000	0.0396704 	160.000000	0.0395056 	160.000000	0.0398621 	160.000000	1.34096e-05	
165.000000	0.0401306 	165.000000	0.0390696 	165.000000	0.0388651 	165.000000	0.0387009 	165.000000	0.0390565 	165.000000	1.30362e-05	
170.000000	0.0393543 	170.000000	0.038309  	170.000000	0.0381049 	170.000000	0.0379414 	170.000000	0.0382963 	170.000000	1.26839e-05	
175.000000	0.0386197 	175.000000	0.03759   	175.000000	0.0373862 	175.000000	0.0372233 	175.000000	0.0375777 	175.000000	1.23508e-05	
180.000000	0.0379236 	180.000000	0.0369093 	180.000000	0.0367058 	180.000000	0.0365435 	180.000000	0.0368973 	180.000000	1.20354e-05	
185.000000	0.0372629 	185.000000	0.036264  	185.000000	0.0360605 	185.000000	0.0358989 	185.000000	0.0362522 	185.000000	1.17363e-05	
190.000000	0.036635  	190.000000	0.0356512 	190.000000	0.0354478 	190.000000	0.0352869 	190.000000	0.0356398 	190.000000	1.14522e-05	
195.000000	0.0360374 	195.000000	0.0350687 	195.000000	0.0348653 	195.000000	0.034705  	195.000000	0.0350575 	195.000000	1.11822e-05	
200.000000	0.035468  	200.000000	0.0345142 	200.000000	0.0343109 	200.000000	0.0341511 	200.000000	0.0345032 	200.000000	1.0925e-05	
210.000000	0.0344062 	210.000000	0.0334815 	210.000000	0.0332783 	210.000000	0.0331198 	210.000000	0.0334711 	210.000000	1.04458e-05	
220.000000	0.0334357 	220.000000	0.0325396 	220.000000	0.0323365 	220.000000	0.0321791 	220.000000	0.0325296 	220.000000	1.00084e-05	
230.000000	0.0325451 	230.000000	0.0316769 	230.000000	0.0314741 	230.000000	0.0313179 	230.000000	0.0316673 	230.000000	9.60747e-06	
240.000000	0.031725  	240.000000	0.0308839 	240.000000	0.0306814 	240.000000	0.0305264 	240.000000	0.0308747 	240.000000	9.23852e-06	
250.000000	0.0309672 	250.000000	0.0301526 	250.000000	0.0299512 	250.000000	0.0297968 	250.000000	0.0301437 	250.000000	8.89786e-06	
260.000000	0.0302649 	260.000000	0.0294761 	260.000000	0.0292739 	260.000000	0.029122  	260.000000	0.0294675 	260.000000	8.58231e-06	
270.000000	0.0296121 	270.000000	0.0288484 	270.000000	0.0286445 	270.000000	0.0284963 	270.000000	0.0288401 	270.000000	8.28917e-06	
280.000000	0.0290039 	280.000000	0.0282646 	280.000000	0.0280622 	280.000000	0.0279146 	280.000000	0.0282566 	280.000000	8.0161e-06	
290.000000	0.0284358 	290.000000	0.0277203 	290.000000	0.0275194 	290.000000	0.0273725 	290.000000	0.0277125 	290.000000	7.76108e-06	
300.000000	0.0279039 	300.000000	0.0272115 	300.000000	0.0270122 	300.000000	0.0268662 	300.000000	0.027204  	300.000000	7.52236e-06	
310.000000	0.027405  	310.000000	0.0267351 	310.000000	0.0265375 	310.000000	0.0263923 	310.000000	0.0267278 	310.000000	7.29841e-06	
320.000000	0.0269361 	320.000000	0.0262881 	320.000000	0.0260924 	320.000000	0.0259479 	320.000000	0.026281  	320.000000	7.08788e-06	
330.000000	0.0264946 	330.000000	0.0258679 	330.000000	0.0256741 	330.000000	0.0255304 	330.000000	0.025861  	330.000000	6.88959e-06	
340.000000	0.0260782 	340.000000	0.0254721 	340.000000	0.0252807 	340.000000	0.0251375 	340.000000	0.0254654 	340.000000	6.70249e-06	
350.000000	0.0256848 	350.000000	0.0250989 	350.000000	0.0249099 	350.000000	0.0247672 	350.000000	0.0250923 	350.000000	6.52563e-06	
360.000000	0.0253126 	360.000000	0.0247463 	360.000000	0.0245587 	360.000000	0.0244176 	360.000000	0.0247399 	360.000000	6.35821e-06	
370.000000	0.02496   	370.000000	0.0244127 	370.000000	0.0242257 	370.000000	0.0240872 	370.000000	0.0244065 	370.000000	6.19946e-06	
380.000000	0.0246255 	380.000000	0.0240967 	380.000000	0.0239117 	380.000000	0.0237744 	380.000000	0.0240907 	380.000000	6.04873e-06	
390.000000	0.0243077 	390.000000	0.023797  	390.000000	0.0236149 	390.000000	0.0234779 	390.000000	0.0237911 	390.000000	5.90541e-06	
400.000000	0.0240056 	400.000000	0.0235124 	400.000000	0.0233332 	400.000000	0.0231965 	400.000000	0.0235067 	400.000000	5.76897e-06	
410.000000	0.0237179 	410.000000	0.0232418 	410.000000	0.0230653 	410.000000	0.0229292 	410.000000	0.0232362 	410.000000	5.63891e-06	
420.000000	0.0234437 	420.000000	0.0229843 	420.000000	0.0228105 	420.000000	0.022675  	420.000000	0.0229788 	420.000000	5.5148e-06	
430.000000	0.0231822 	430.000000	0.022739  	430.000000	0.0225681 	430.000000	0.022433  	430.000000	0.0227336 	430.000000	5.39623e-06	
440.000000	0.0229324 	440.000000	0.022505  	440.000000	0.0223372 	440.000000	0.0222024 	440.000000	0.0224997 	440.000000	5.28283e-06	
450.000000	0.0226937 	450.000000	0.0222816 	450.000000	0.0221167 	450.000000	0.0219824 	450.000000	0.0222764 	450.000000	5.17426e-06	
460.000000	0.0224654 	460.000000	0.0220682 	460.000000	0.0219054 	460.000000	0.0217723 	460.000000	0.0220631 	460.000000	5.07023e-06	
470.000000	0.0222467 	470.000000	0.0218641 	470.000000	0.021703  	470.000000	0.0215716 	470.000000	0.0218591 	470.000000	4.97045e-06	
480.000000	0.0220373 	480.000000	0.0216688 	480.000000	0.0215099 	480.000000	0.0213797 	480.000000	0.0216639 	480.000000	4.87465e-06	
490.000000	0.0218364 	490.000000	0.0214818 	490.000000	0.0213257 	490.000000	0.021196  	490.000000	0.021477  	490.000000	4.78261e-06	
500.000000	0.0216437 	500.000000	0.0213025 	500.000000	0.0211496 	500.000000	0.02102   	500.000000	0.0212978 	500.000000	4.69411e-06	
520.000000	0.0212809 	520.000000	0.0209655 	520.000000	0.0208186 	520.000000	0.0206897 	520.000000	0.020961  	520.000000	4.5269e-06	
540.000000	0.0209456 	540.000000	0.0206547 	540.000000	0.0205137 	540.000000	0.0203854 	540.000000	0.0206504 	540.000000	4.3716e-06	
560.000000	0.020635  	560.000000	0.0203674 	560.000000	0.0202319 	560.000000	0.0201043 	560.000000	0.0203632 	560.000000	4.22696e-06	
580.000000	0.0203467 	580.000000	0.0201012 	580.000000	0.0199706 	580.000000	0.0198443 	580.000000	0.0200971 	580.000000	4.0919e-06	
600.000000	0.0200785 	600.000000	0.019854  	600.000000	0.0197279 	600.000000	0.019603  	600.000000	0.01985   	600.000000	3.9655e-06	
620.000000	0.0198286 	620.000000	0.0196241 	620.000000	0.0195026 	620.000000	0.0193788 	620.000000	0.0196202 	620.000000	3.84693e-06	
640.000000	0.0195954 	640.000000	0.0194098 	640.000000	0.0192933 	640.000000	0.0191701 	640.000000	0.0194061 	640.000000	3.73549e-06	
660.000000	0.0193774 	660.000000	0.0192099 	660.000000	0.0190982 	660.000000	0.0189754 	660.000000	0.0192062 	660.000000	3.63054e-06	
680.000000	0.0191734 	680.000000	0.019023  	680.000000	0.0189159 	680.000000	0.0187936 	680.000000	0.0190194 	680.000000	3.53152e-06	
700.000000	0.0189822 	700.000000	0.018848  	700.000000	0.0187454 	700.000000	0.0186234 	700.000000	0.0188446 	700.000000	3.43794e-06	
720.000000	0.0188028 	720.000000	0.0186841 	720.000000	0.0185857 	720.000000	0.018464  	720.000000	0.0186808 	720.000000	3.34937e-06	
740.000000	0.0186344 	740.000000	0.0185303 	740.000000	0.0184367 	740.000000	0.0183156 	740.000000	0.0185271 	740.000000	3.26539e-06	
760.000000	0.018476  	760.000000	0.0183859 	760.000000	0.0182989 	760.000000	0.018179  	760.000000	0.0183827 	760.000000	3.18566e-06	
780.000000	0.018327  	780.000000	0.0182501 	780.000000	0.0181691 	780.000000	0.0180506 	780.000000	0.018247  	780.000000	3.10987e-06	
800.000000	0.0181867 	800.000000	0.0181223 	800.000000	0.0180475 	800.000000	0.0179296 	800.000000	0.0181193 	800.000000	3.03772e-06	
820.000000	0.0180545 	820.000000	0.018002  	820.000000	0.0179332 	820.000000	0.0178156 	820.000000	0.017999  	820.000000	2.96896e-06	
840.000000	0.0179299 	840.000000	0.0178886 	840.000000	0.0178255 	840.000000	0.017708  	840.000000	0.0178857 	840.000000	2.90334e-06	
860.000000	0.0178123 	860.000000	0.0177817 	860.000000	0.0177237 	860.000000	0.0176065 	860.000000	0.0177788 	860.000000	2.84066e-06	
880.000000	0.0177013 	880.000000	0.0176808 	880.000000	0.0176274 	880.000000	0.0175105 	880.000000	0.017678  	880.000000	2.78072e-06	
900.000000	0.0175965 	900.000000	0.0175855 	900.000000	0.0175365 	900.000000	0.0174198 	900.000000	0.0175828 	900.000000	2.72334e-06	
920.000000	0.0174975 	920.000000	0.0174955 	920.000000	0.0174505 	920.000000	0.0173339 	920.000000	0.0174928 	920.000000	2.66836e-06	
940.000000	0.0174039 	940.000000	0.0174104 	940.000000	0.0173689 	940.000000	0.0172526 	940.000000	0.0174078 	940.000000	2.61564e-06	
960.000000	0.0173155 	960.000000	0.01733   	960.000000	0.0172914 	960.000000	0.0171755 	960.000000	0.0173274 	960.000000	2.56502e-06	
980.000000	0.0172319 	980.000000	0.017254  	980.000000	0.0172176 	980.000000	0.0171024 	980.000000	0.0172514 	980.000000	2.5164e-06	
1000.000000	0.0171529 	1000.000000	0.017182  	1000.000000	0.0171474 	1000.000000	0.0170331 	1000.000000	0.0171796 	1000.000000	2.46964e-06	
1020.000000	0.0170782 	1020.000000	0.017114  	1020.000000	0.0170809 	1020.000000	0.0169672 	1020.000000	0.0171115 	1020.000000	2.42465e-06	
1040.000000	0.0170075 	1040.000000	0.0170496 	1040.000000	0.0170179 	1040.000000	0.0169047 	1040.000000	0.0170472 	1040.000000	2.38133e-06	
1060.000000	0.0169408 	1060.000000	0.0169886 	1060.000000	0.0169582 	1060.000000	0.0168453 	1060.000000	0.0169863 	1060.000000	2.33957e-06	
1080.000000	0.0168777 	1080.000000	0.0169309 	1080.000000	0.0169016 	1080.000000	0.0167888 	1080.000000	0.0169286 	1080.000000	2.29931e-06	
1100.000000	0.016818  	1100.000000	0.0168763 	1100.000000	0.0168478 	1100.000000	0.0167351 	1100.000000	0.016874  	1100.000000	2.26045e-06	
1120.000000	0.0167617 	1120.000000	0.0168246 	1120.000000	0.0167966 	1120.000000	0.016684  	1120.000000	0.0168224 	1120.000000	2.22293e-06	
1140.000000	0.0167085 	1140.000000	0.0167757 	1140.000000	0.0167478 	1140.000000	0.0166354 	1140.000000	0.0167735 	1140.000000	2.18668e-06	
1160.000000	0.0166583 	1160.000000	0.0167295 	1160.000000	0.0167013 	1160.000000	0.0165891 	1160.000000	0.0167273 	1160.000000	2.15163e-06	
1180.000000	0.0166109 	1180.000000	0.0166857 	1180.000000	0.0166571 	1180.000000	0.016545  	1180.000000	0.0166836 	1180.000000	2.11772e-06	
1200.000000	0.0165663 	1200.000000	0.0166443 	1200.000000	0.0166149 	1200.000000	0.016503  	1200.000000	0.0166422 	1200.000000	2.08491e-06	
1220.000000	0.0165242 	1220.000000	0.0166052 	1220.000000	0.0165748 	1220.000000	0.016463  	1220.000000	0.0166032 	1220.000000	2.05312e-06	
1240.000000	0.0164846 	1240.000000	0.0165683 	1240.000000	0.0165366 	1240.000000	0.0164248 	1240.000000	0.0165662 	1240.000000	2.02233e-06	
1260.000000	0.0164473 	1260.000000	0.0165334 	1260.000000	0.0165002 	1260.000000	0.0163885 	1260.000000	0.0165314 	1260.000000	1.99247e-06	
1280.000000	0.0164123 	1280.000000	0.0165005 	1280.000000	0.0164654 	1280.000000	0.0163538 	1280.000000	0.0164985 	1280.000000	1.96352e-06	
1300.000000	0.0163795 	1300.000000	0.0164694 	1300.000000	0.0164322 	1300.000000	0.0163208 	1300.000000	0.0164675 	1300.000000	1.93542e-06	
1320.000000	0.0163487 	1320.000000	0.0164401 	1320.000000	0.0164004 	1320.000000	0.0162892 	1320.000000	0.0164382 	1320.000000	1.90814e-06	
1340.000000	0.0163199 	1340.000000	0.0164126 	1340.000000	0.01637   	1340.000000	0.0162592 	1340.000000	0.0164107 	1340.000000	1.88164e-06	
1360.000000	0.0162931 	1360.000000	0.0163867 	1360.000000	0.0163409 	1360.000000	0.0162305 	1360.000000	0.0163848 	1360.000000	1.8559e-06	
1380.000000	0.016268  	1380.000000	0.0163623 	1380.000000	0.0163131 	1380.000000	0.0162032 	1380.000000	0.0163605 	1380.000000	1.83087e-06	
1400.000000	0.0162447 	1400.000000	0.0163395 	1400.000000	0.0162866 	1400.000000	0.0161771 	1400.000000	0.0163377 	1400.000000	1.80654e-06	
1420.000000	0.0162231 	1420.000000	0.0163181 	1420.000000	0.0162614 	1420.000000	0.0161522 	1420.000000	0.0163163 	1420.000000	1.78286e-06	
1440.000000	0.016203  	1440.000000	0.016298  	1440.000000	0.0162373 	1440.000000	0.0161284 	1440.000000	0.0162963 	1440.000000	1.75981e-06	
1460.000000	0.0161846 	1460.000000	0.0162793 	1460.000000	0.0162144 	1460.000000	0.0161058 	1460.000000	0.0162776 	1460.000000	1.73738e-06	
1480.000000	0.0161676 	1480.000000	0.0162619 	1480.000000	0.0161927 	1480.000000	0.0160842 	1480.000000	0.0162602 	1480.000000	1.71553e-06	
1500.000000	0.0161521 	1500.000000	0.0162457 	1500.000000	0.016172  	1500.000000	0.0160636 	1500.000000	0.016244  	1500.000000	1.69423e-06	
1520.000000	0.016138  	1520.000000	0.0162307 	1520.000000	0.0161522 	1520.000000	0.0160439 	1520.000000	0.016229  	1520.000000	1.67348e-06	
1540.000000	0.0161252 	1540.000000	0.0162168 	1540.000000	0.0161335 	1540.000000	0.0160252 	1540.000000	0.0162151 	1540.000000	1.65325e-06	
1560.000000	0.0161137 	1560.000000	0.0162039 	1560.000000	0.0161156 	1560.000000	0.0160073 	1560.000000	0.0162023 	1560.000000	1.63352e-06	
1580.000000	0.0161035 	1580.000000	0.0161922 	1580.000000	0.0160985 	1580.000000	0.0159903 	1580.000000	0.0161905 	1580.000000	1.61427e-06	
1600.000000	0.0160944 	1600.000000	0.0161814 	1600.000000	0.0160823 	1600.000000	0.0159741 	1600.000000	0.0161798 	1600.000000	1.59548e-06	
1620.000000	0.0160866 	1620.000000	0.0161716 	1620.000000	0.0160668 	1620.000000	0.0159587 	1620.000000	0.01617   	1620.000000	1.57714e-06	
1640.000000	0.0160798 	1640.000000	0.0161627 	1640.000000	0.016052  	1640.000000	0.015944  	1640.000000	0.0161611 	1640.000000	1.55923e-06	
1660.000000	0.0160742 	1660.000000	0.0161547 	1660.000000	0.016038  	1660.000000	0.01593   	1660.000000	0.0161532 	1660.000000	1.54173e-06	
1680.000000	0.0160695 	1680.000000	0.0161476 	1680.000000	0.0160246 	1680.000000	0.0159166 	1680.000000	0.0161461 	1680.000000	1.52464e-06	
1700.000000	0.016066  	1700.000000	0.0161414 	1700.000000	0.0160119 	1700.000000	0.0159039 	1700.000000	0.0161399 	1700.000000	1.50793e-06	
1750.000000	0.0160612 	1750.000000	0.0161292 	1750.000000	0.0159826 	1750.000000	0.0158749 	1750.000000	0.0161277 	1750.000000	1.46778e-06	
1800.000000	0.0160622 	1800.000000	0.0161217 	1800.000000	0.0159569 	1800.000000	0.0158494 	1800.000000	0.0161203 	1800.000000	1.42978e-06	
1850.000000	0.0160684 	1850.000000	0.0161184 	1850.000000	0.0159344 	1850.000000	0.0158272 	1850.000000	0.016117  	1850.000000	1.39375e-06	
1900.000000	0.0160796 	1900.000000	0.0161191 	1900.000000	0.0159147 	1900.000000	0.0158078 	1900.000000	0.0161178 	1900.000000	1.35956e-06	
1950.000000	0.0160953 	1950.000000	0.0161234 	1950.000000	0.0158977 	1950.000000	0.015791  	1950.000000	0.0161221 	1950.000000	1.32705e-06	
2000.000000	0.0161152 	2000.000000	0.0161311 	2000.000000	0.015883  	2000.000000	0.0157766 	2000.000000	0.0161298 	2000.000000	1.29612e-06	
2100.000000	0.0161668 	2100.000000	0.0161556 	2100.000000	0.0158601 	2100.000000	0.0157543 	2100.000000	0.0161544 	2100.000000	1.2385e-06	
2200.000000	0.0162324 	2200.000000	0.0161909 	2200.000000	0.0158445 	2200.000000	0.0157392 	2200.000000	0.0161897 	2200.000000	1.18595e-06	
2300.000000	0.0163104 	2300.000000	0.0162356 	2300.000000	0.0158352 	2300.000000	0.0157303 	2300.000000	0.0162345 	2300.000000	1.1378e-06	
2400.000000	0.0163994 	2400.000000	0.0162885 	2400.000000	0.0158312 	2400.000000	0.0157265 	2400.000000	0.0162874 	2400.000000	1.09353e-06	
2500.000000	0.0164983 	2500.000000	0.0163486 	2500.000000	0.0158316 	2500.000000	0.0157271 	2500.000000	0.0163476 	2500.000000	1.05268e-06	
2600.000000	0.0166061 	2600.000000	0.0164151 	2600.000000	0.0158357 	2600.000000	0.0157314 	2600.000000	0.0164141 	2600.000000	1.01486e-06	
2700.000000	0.016722  	2700.000000	0.0164873 	2700.000000	0.015843  	2700.000000	0.0157388 	2700.000000	0.0164863 	2700.000000	9.79743e-07	
2800.000000	0.0168453 	2800.000000	0.0165645 	2800.000000	0.015853  	2800.000000	0.0157488 	2800.000000	0.0165636 	2800.000000	9.4705e-07	
2900.000000	0.0169752 	2900.000000	0.0166463 	2900.000000	0.0158652 	2900.000000	0.0157612 	2900.000000	0.0166453 	2900.000000	9.16533e-07	
3000.000000	0.0171114 	3000.000000	0.0167321 	3000.000000	0.0158793 	3000.000000	0.0157754 	3000.000000	0.0167312 	3000.000000	8.8798e-07	
3200.000000	0.0174004 	3200.000000	0.0169143 	3200.000000	0.0159121 	3200.000000	0.0158085 	3200.000000	0.0169134 	3200.000000	8.36048e-07	
3400.000000	0.0177092 	3400.000000	0.0171085 	3400.000000	0.0159497 	3400.000000	0.0158465 	3400.000000	0.0171077 	3400.000000	7.90023e-07	
3600.000000	0.0180351 	3600.000000	0.0173127 	3600.000000	0.0159907 	3600.000000	0.0158878 	3600.000000	0.0173119 	3600.000000	7.48941e-07	
3800.000000	0.0183763 	3800.000000	0.0175252 	3800.000000	0.0160342 	3800.000000	0.0159315 	3800.000000	0.0175245 	3800.000000	7.12039e-07	
4000.000000	0.0187312 	4000.000000	0.0177447 	4000.000000	0.0160794 	4000.000000	0.0159769 	4000.000000	0.017744  	4000.000000	6.78705e-07	
4200.000000	0.0190984 	4200.000000	0.0179702 	4200.000000	0.0161257 	4200.000000	0.0160234 	4200.000000	0.0179695 	4200.000000	6.4844e-07	
4400.000000	0.0194769 	4400.000000	0.0182007 	4400.000000	0.0161726 	4400.000000	0.0160705 	4400.000000	0.0182001 	4400.000000	6.20835e-07	
4600.000000	0.0198657 	4600.000000	0.0184356 	4600.000000	0.0162199 	4600.000000	0.0161179 	4600.000000	0.018435  	4600.000000	5.95552e-07	
4800.000000	0.0202642 	4800.000000	0.0186743 	4800.000000	0.0162671 	4800.000000	0.0161653 	4800.000000	0.0186738 	4800.000000	5.72305e-07	
5000.000000	0.0206716 	5000.000000	0.0189163 	5000.000000	0.0163143 	5000.000000	0.0162126 	5000.000000	0.0189158 	5000.000000	5.50857e-07	
5250.000000	0.0211927 	5250.000000	0.0192228 	5250.000000	0.0163727 	5250.000000	0.0162712 	5250.000000	0.0192223 	5250.000000	5.26269e-07	
5500.000000	0.0217261 	5500.000000	0.0195331 	5500.000000	0.0164305 	5500.000000	0.0163291 	5500.000000	0.0195326 	5500.000000	5.03844e-07	
6000.000000	0.0228271 	6000.000000	0.0201628 	6000.000000	0.0165433 	6000.000000	0.0164422 	6000.000000	0.0201624 	6000.000000	4.64422e-07	
6500.000000	0.0239699 	6500.000000	0.0208021 	6500.000000	0.016652  	6500.000000	0.0165511 	6500.000000	0.0208017 	6500.000000	4.30875e-07	
7000.000000	0.0251512 	7000.000000	0.0214486 	7000.000000	0.0167563 	7000.000000	0.0166556 	7000.000000	0.0214482 	7000.000000	4.0197e-07	
7500.000000	0.0263685 	7500.000000	0.0221003 	7500.000000	0.0168557 	7500.000000	0.0167557 	7500.000000	0.0221    	7500.000000	3.76799e-07	
8000.000000	0.02762   	8000.000000	0.0227561 	8000.000000	0.0169511 	8000.000000	0.0168515 	8000.000000	0.0227558 	8000.000000	3.54676e-07	
8500.000000	0.0289044 	8500.000000	0.023415  	8500.000000	0.0170427 	8500.000000	0.0169431 	8500.000000	0.0234146 	8500.000000	3.35074e-07	
9000.000000	0.0302204 	9000.000000	0.0240761 	9000.000000	0.0171304 	9000.000000	0.0170307 	9000.000000	0.0240758 	9000.000000	3.17582e-07	
9500.000000	0.0315672 	9500.000000	0.024739  	9500.000000	0.017214  	9500.000000	0.0171146 	9500.000000	0.0247387 	9500.000000	3.01874e-07	
10000.000000	0.0329441 	10000.000000	0.0254031 	10000.000000	0.0172938 	10000.000000	0.017195  	10000.000000	0.0254028 	10000.000000	2.87687e-07	
11000.000000	0.0357861 	11000.000000	0.0267339 	11000.000000	0.0174439 	11000.000000	0.0173461 	11000.000000	0.0267336 	11000.000000	2.63066e-07	
12000.000000	0.0387431 	12000.000000	0.0280662 	12000.000000	0.0175834 	12000.000000	0.0174857 	12000.000000	0.028066  	12000.000000	2.42427e-07	
13000.000000	0.0418128 	13000.000000	0.0293989 	13000.000000	0.0177126 	13000.000000	0.0176151 	13000.000000	0.0293987 	13000.000000	2.24867e-07	
14000.000000	0.0449938 	14000.000000	0.030731  	14000.000000	0.0178324 	14000.000000	0.0177356 	14000.000000	0.0307308 	14000.000000	2.09742e-07	
15000.000000	0.0482851 	15000.000000	0.032062  	15000.000000	0.0179439 	15000.000000	0.0178482 	15000.000000	0.0320618 	15000.000000	1.96572e-07	
16000.000000	0.051686  	16000.000000	0.0333914 	16000.000000	0.0180484 	16000.000000	0.0179538 	16000.000000	0.0333912 	16000.000000	1.85e-07  	
17000.000000	0.0551963 	17000.000000	0.034719  	17000.000000	0.0181468 	17000.000000	0.0180531 	17000.000000	0.0347188 	17000.000000	1.74748e-07	
18000.000000	0.0588156 	18000.000000	0.0360445 	18000.000000	0.0182397 	18000.000000	0.0181468 	18000.000000	0.0360444 	18000.000000	1.65602e-07	
19000.000000	0.0625439 	19000.000000	0.037368  	19000.000000	0.0183277 	19000.000000	0.0182355 	19000.000000	0.0373679 	19000.000000	1.57389e-07	
20000.000000	0.0663814 	20000.000000	0.0386893 	20000.000000	0.0184113 	20000.000000	0.0183196 	20000.000000	0.0386892 	20000.000000	1.49973e-07	
21000.000000	0.0703281 	21000.000000	0.0400085 	21000.000000	0.0184906 	21000.000000	0.0183995 	21000.000000	0.0400083 	21000.000000	1.43242e-07	
22000.000000	0.0743843 	22000.000000	0.0413254 	22000.000000	0.0185656 	22000.000000	0.0184756 	22000.000000	0.0413253 	22000.000000	1.37105e-07	
23000.000000	0.0785502 	23000.000000	0.0426401 	23000.000000	0.0186373 	23000.000000	0.0185483 	23000.000000	0.04264   	23000.000000	1.31486e-07	
24000.000000	0.0828263 	24000.000000	0.0439527 	24000.000000	0.0187059 	24000.000000	0.0186177 	24000.000000	0.0439526 	24000.000000	1.26321e-07	
25000.000000	0.0872129 	25000.000000	0.0452631 	25000.000000	0.0187714 	25000.000000	0.0186843 	25000.000000	0.045263  	25000.000000	1.21557e-07	
26000.000000	0.0917103 	26000.000000	0.0465714 	26000.000000	0.0188342 	26000.000000	0.0187481 	26000.000000	0.0465713 	26000.000000	1.17149e-07	
27000.000000	0.0963191 	27000.000000	0.0478777 	27000.000000	0.0188944 	27000.000000	0.0188095 	27000.000000	0.0478776 	27000.000000	1.13057e-07	
28000.000000	0.10104   	28000.000000	0.0491819 	28000.000000	0.0189524 	28000.000000	0.0188685 	28000.000000	0.0491818 	28000.000000	1.09249e-07	
29000.000000	0.105872  	29000.000000	0.0504841 	29000.000000	0.0190081 	29000.000000	0.0189253 	29000.000000	0.050484  	29000.000000	1.05696e-07	
30000.000000	0.110818  	30000.000000	0.0517844 	30000.000000	0.0190617 	30000.000000	0.0189802 	30000.000000	0.0517843 	30000.000000	1.02372e-07	
32000.000000	0.121049  	32000.000000	0.0543792 	32000.000000	0.0191634 	32000.000000	0.0190843 	32000.000000	0.0543791 	32000.000000	9.63308e-08	
34000.000000	0.131738  	34000.000000	0.0569667 	34000.000000	0.0192584 	34000.000000	0.0191818 	34000.000000	0.0569666 	34000.000000	9.09797e-08	
36000.000000	0.142889  	36000.000000	0.0595473 	36000.000000	0.0193472 	36000.000000	0.0192735 	36000.000000	0.0595472 	36000.000000	8.6206e-08	
38000.000000	0.154506  	38000.000000	0.0621212 	38000.000000	0.0194303 	38000.000000	0.0193599 	38000.000000	0.0621211 	38000.000000	8.19205e-08	
40000.000000	0.166594  	40000.000000	0.0646887 	40000.000000	0.0195085 	40000.000000	0.0194416 	40000.000000	0.0646886 	40000.000000	7.80513e-08	
42000.000000	0.179159  	42000.000000	0.0672501 	42000.000000	0.0195825 	42000.000000	0.0195191 	42000.000000	0.06725   	42000.000000	7.454e-08 	
44000.000000	0.192204  	44000.000000	0.0698057 	44000.000000	0.0196527 	44000.000000	0.0195928 	44000.000000	0.0698056 	44000.000000	7.13388e-08	
46000.000000	0.205736  	46000.000000	0.0723556 	46000.000000	0.0197197 	46000.000000	0.019663  	46000.000000	0.0723556 	46000.000000	6.8408e-08	
48000.000000	0.219758  	48000.000000	0.0749002 	48000.000000	0.0197835 	48000.000000	0.0197301 	48000.000000	0.0749001 	48000.000000	6.57145e-08	
50000.000000	0.234277  	50000.000000	0.0774396 	50000.000000	0.0198443 	50000.000000	0.0197942 	50000.000000	0.0774395 	50000.000000	6.32303e-08	
