Energy (MeV/u)1	0 - [He-base] F.Hubert et al, AD&ND Tables 46(1990)1	Energy (MeV/u)2	1 - [H -base] J.F.Ziegler et al, Pergamon Press, NY (low energy)	Energy (MeV/u)3	2 - ATIMA 1.2  LS-theory (recommended for high energy)	Energy (MeV/u)4	3 - ATIMA 1.2  without LS-correction	Energy (MeV/u)5	4 - electrical component of [1] - J.F.Ziegler et al	Energy (MeV/u)6	5 - nuclear component of [1] - J.F.Ziegler et al	
0.001000	0.0164864 	0.001000	0.0206048 	0.001000	0.0270652 	0.001000	0.0270652 	0.001000	0.0177576 	0.001000	0.00284723	
0.002000	0.0196417 	0.002000	0.0245313 	0.002000	0.0306983 	0.002000	0.0306983 	0.002000	0.0226331 	0.002000	0.00189812	
0.005000	0.0257955 	0.005000	0.0322237 	0.005000	0.0372474 	0.005000	0.0372474 	0.005000	0.0311906 	0.005000	0.00103314	
0.008000	0.0300151 	0.008000	0.037504  	0.008000	0.0414659 	0.008000	0.0414659 	0.008000	0.0367676 	0.008000	0.000736401	
0.010000	0.0323158 	0.010000	0.0403743 	0.010000	0.0436862 	0.010000	0.0436862 	0.010000	0.0397543 	0.010000	0.000620037	
0.015000	0.0389764 	0.015000	0.0466204 	0.015000	0.048116  	0.015000	0.048116  	0.015000	0.046165  	0.015000	0.000455406	
0.020000	0.0444337 	0.020000	0.0516662 	0.020000	0.0515785 	0.020000	0.0515785 	0.020000	0.0513023 	0.020000	0.000363929	
0.025000	0.0489471 	0.025000	0.0558768 	0.025000	0.0544579 	0.025000	0.0544579 	0.025000	0.0555718 	0.025000	0.000305028	
0.030000	0.0526553 	0.030000	0.0594417 	0.030000	0.0572302 	0.030000	0.0572302 	0.030000	0.0591781 	0.030000	0.000263643	
0.035000	0.0556494 	0.035000	0.0624749 	0.035000	0.0595465 	0.035000	0.0595465 	0.035000	0.062242  	0.035000	0.000232831	
0.040000	0.0580015 	0.040000	0.0650522 	0.040000	0.0614839 	0.040000	0.0614839 	0.040000	0.0648433 	0.040000	0.00020892	
0.045000	0.059776  	0.045000	0.0672288 	0.045000	0.0630986 	0.045000	0.0630986 	0.045000	0.0670391 	0.045000	0.000189778	
0.050000	0.0610353 	0.050000	0.0690475 	0.050000	0.0644338 	0.050000	0.0644338 	0.050000	0.0688734 	0.050000	0.000174078	
0.055000	0.0618406 	0.055000	0.0705434 	0.055000	0.0655241 	0.055000	0.0655241 	0.055000	0.0703824 	0.055000	0.000160948	
0.060000	0.0622521 	0.060000	0.0717469 	0.060000	0.0663983 	0.060000	0.0663983 	0.060000	0.0715971 	0.060000	0.000149792	
0.070000	0.0621239 	0.070000	0.0733836 	0.070000	0.0675936 	0.070000	0.0675936 	0.070000	0.0732518 	0.070000	0.000131819	
0.080000	0.061074  	0.080000	0.0741509 	0.080000	0.0681808 	0.080000	0.0681808 	0.080000	0.0740329 	0.080000	0.000117938	
0.090000	0.0594508 	0.090000	0.074218  	0.090000	0.0682865 	0.090000	0.0682865 	0.090000	0.0741112 	0.090000	0.000106869	
0.100000	0.0575185 	0.100000	0.0737345 	0.100000	0.0680128 	0.100000	0.0680128 	0.100000	0.0736367 	0.100000	9.78212e-05	
0.120000	0.0534057 	0.120000	0.0716158 	0.120000	0.0666456 	0.120000	0.0666456 	0.120000	0.0715319 	0.120000	8.38811e-05	
0.140000	0.0495485 	0.140000	0.0686047 	0.140000	0.0645809 	0.140000	0.0645809 	0.140000	0.068531  	0.140000	7.36108e-05	
0.160000	0.0462    	0.160000	0.0652347 	0.160000	0.0621522 	0.160000	0.0621522 	0.160000	0.065169  	0.160000	6.57077e-05	
0.180000	0.0433709 	0.180000	0.0618257 	0.180000	0.0595767 	0.180000	0.0595767 	0.180000	0.0617663 	0.180000	5.94247e-05	
0.200000	0.0409904 	0.200000	0.0585515 	0.200000	0.0569911 	0.200000	0.0569911 	0.200000	0.0584972 	0.200000	5.43017e-05	
0.250000	0.0364696 	0.250000	0.0513778 	0.250000	0.0509414 	0.250000	0.0509414 	0.250000	0.0513329 	0.250000	4.48298e-05	
0.300000	0.0332462 	0.300000	0.0457028 	0.300000	0.0457889 	0.300000	0.0457889 	0.300000	0.0456645 	0.300000	3.83035e-05	
0.350000	0.0307711 	0.350000	0.0412479 	0.350000	0.0415364 	0.350000	0.0415364 	0.350000	0.0412143 	0.350000	3.35167e-05	
0.400000	0.0287639 	0.400000	0.0377023 	0.400000	0.0380416 	0.400000	0.0380416 	0.400000	0.0376724 	0.400000	2.98464e-05	
0.450000	0.0270747 	0.450000	0.0348242 	0.450000	0.0351494 	0.450000	0.0351494 	0.450000	0.0347973 	0.450000	2.69373e-05	
0.500000	0.0256167 	0.500000	0.0324404 	0.500000	0.032728  	0.500000	0.032728  	0.500000	0.0324158 	0.500000	2.45713e-05	
0.600000	0.0231964 	0.600000	0.0287043 	0.600000	0.0289113 	0.600000	0.0289113 	0.600000	0.0286833 	0.600000	2.09488e-05	
0.700000	0.0212456 	0.700000	0.0258836 	0.700000	0.0260325 	0.700000	0.0260325 	0.700000	0.0258653 	0.700000	1.82986e-05	
0.800000	0.0196276 	0.800000	0.0236557 	0.800000	0.0237706 	0.800000	0.0237706 	0.800000	0.0236394 	0.800000	1.6271e-05	
0.900000	0.0182586 	0.900000	0.0218367 	0.900000	0.021935  	0.900000	0.021935  	0.900000	0.0218221 	0.900000	1.46666e-05	
1.000000	0.0170824 	1.000000	0.0203145 	1.000000	0.0204074 	1.000000	0.0204074 	1.000000	0.0203011 	1.000000	1.33639e-05	
1.250000	0.0147513 	1.250000	0.0173841 	1.250000	0.0174873 	1.250000	0.0174873 	1.250000	0.0173731 	1.250000	1.09688e-05	
1.500000	0.0130146 	1.500000	0.015257  	1.500000	0.0153815 	1.500000	0.0153815 	1.500000	0.0152477 	1.500000	9.32973e-06	
1.750000	0.0116665 	1.750000	0.0136295 	1.750000	0.0137751 	1.750000	0.0137751 	1.750000	0.0136214 	1.750000	8.13393e-06	
2.000000	0.0105872 	2.000000	0.012338  	2.000000	0.0125016 	2.000000	0.0125016 	2.000000	0.0123308 	2.000000	7.22104e-06	
2.250000	0.00970219	2.250000	0.011285  	2.250000	0.011463  	2.250000	0.011463  	2.250000	0.0112785 	2.250000	6.50014e-06	
2.500000	0.00892357	2.500000	0.0104083 	2.500000	0.0105976 	2.500000	0.0105976 	2.500000	0.0104024 	2.500000	5.91568e-06	
3.000000	0.00779187	3.000000	0.00902815	3.000000	0.00923269	3.000000	0.00923269	3.000000	0.00902313	3.000000	5.02427e-06	
3.500000	0.00693297	3.500000	0.00798795	3.500000	0.00820091	3.500000	0.00820091	3.500000	0.00798357	3.500000	4.37503e-06	
4.000000	0.00625698	4.000000	0.00717369	4.000000	0.00739074	4.000000	0.00739074	4.000000	0.00716981	4.000000	3.88008e-06	
4.500000	0.00570996	4.500000	0.00651773	4.500000	0.00673612	4.500000	0.00673612	4.500000	0.00651424	4.500000	3.48967e-06	
5.000000	0.00525749	5.000000	0.00597722	5.000000	0.00619517	5.000000	0.00619517	5.000000	0.00597405	5.000000	3.17348e-06	
5.500000	0.00487654	5.500000	0.00552364	5.500000	0.00574   	5.500000	0.00574   	5.500000	0.00552073	5.500000	2.91194e-06	
6.000000	0.00455106	6.000000	0.00513722	6.000000	0.00535126	6.000000	0.00535126	6.000000	0.00513453	6.000000	2.69184e-06	
6.500000	0.00426952	6.500000	0.00480383	6.500000	0.00501508	6.500000	0.00501508	6.500000	0.00480133	6.500000	2.50393e-06	
7.000000	0.0040234 	7.000000	0.00451307	7.000000	0.00472124	7.000000	0.00472124	7.000000	0.00451073	7.000000	2.34154e-06	
7.500000	0.00380629	7.500000	0.00425711	7.500000	0.00446203	7.500000	0.00446203	7.500000	0.00425491	7.500000	2.19975e-06	
8.000000	0.00361325	8.000000	0.00402996	8.000000	0.00423156	8.000000	0.00423156	8.000000	0.00402789	8.000000	2.07481e-06	
8.500000	0.0034404 	8.500000	0.00382694	8.500000	0.00402517	8.500000	0.00402517	8.500000	0.00382497	8.500000	1.96386e-06	
9.000000	0.00328467	9.000000	0.00364432	9.000000	0.00383922	9.000000	0.00383922	9.000000	0.00364245	9.000000	1.86464e-06	
9.500000	0.0031436 	9.500000	0.00347913	9.500000	0.00367072	9.500000	0.00367072	9.500000	0.00347735	9.500000	1.77535e-06	
10.000000	0.00301515	10.000000	0.00344643	10.000000	0.0035173 	10.000000	0.0035173 	10.000000	0.00344474	10.000000	1.69456e-06	
11.000000	0.00278982	11.000000	0.00319363	11.000000	0.00324484	11.000000	0.00324486	11.000000	0.00319208	11.000000	1.55399e-06	
12.000000	0.00259845	12.000000	0.00297781	12.000000	0.0030139 	12.000000	0.00301395	12.000000	0.00297637	12.000000	1.43577e-06	
13.000000	0.00243379	13.000000	0.0027913 	13.000000	0.00281567	13.000000	0.0028157 	13.000000	0.00278996	13.000000	1.3349e-06	
14.000000	0.0022905 	14.000000	0.00262845	14.000000	0.00264365	14.000000	0.00264364	14.000000	0.0026272 	14.000000	1.24779e-06	
15.000000	0.00216461	15.000000	0.00248496	15.000000	0.0024929 	15.000000	0.0024929 	15.000000	0.00248379	15.000000	1.17176e-06	
16.000000	0.00205308	16.000000	0.00235754	16.000000	0.00235979	16.000000	0.00235976	16.000000	0.00235644	16.000000	1.1048e-06	
17.000000	0.00195354	17.000000	0.00224359	17.000000	0.00224143	17.000000	0.00224133	17.000000	0.00224254	17.000000	1.04536e-06	
18.000000	0.00186413	18.000000	0.00214105	18.000000	0.00213546	18.000000	0.00213532	18.000000	0.00214006	18.000000	9.92219e-07	
19.000000	0.00178334	19.000000	0.00204827	19.000000	0.00204003	19.000000	0.00203989	19.000000	0.00204733	19.000000	9.44424e-07	
20.000000	0.00170996	20.000000	0.0019639 	20.000000	0.00195371	20.000000	0.00195357	20.000000	0.001963  	20.000000	9.01192e-07	
21.000000	0.001643  	21.000000	0.00188683	21.000000	0.00187528	21.000000	0.00187513	21.000000	0.00188597	21.000000	8.61892e-07	
22.000000	0.00158164	22.000000	0.00181614	22.000000	0.00180372	22.000000	0.00180357	22.000000	0.00181531	22.000000	8.26005e-07	
23.000000	0.00152519	23.000000	0.00175105	23.000000	0.00173819	23.000000	0.00173804	23.000000	0.00175026	23.000000	7.93098e-07	
24.000000	0.00147307	24.000000	0.00169092	24.000000	0.00167806	24.000000	0.00167784	24.000000	0.00169016	24.000000	7.6281e-07	
25.000000	0.00142479	25.000000	0.00163519	25.000000	0.00162269	25.000000	0.00162238	25.000000	0.00163445	25.000000	7.34838e-07	
27.000000	0.00133816	27.000000	0.00153511	27.000000	0.00152404	27.000000	0.00152365	27.000000	0.00153442	27.000000	6.84839e-07	
29.000000	0.00126259	29.000000	0.00144775	29.000000	0.00143893	29.000000	0.00143855	29.000000	0.00144711	29.000000	6.41442e-07	
31.000000	0.00119606	31.000000	0.0013708 	31.000000	0.00136373	31.000000	0.00136334	31.000000	0.00137019	31.000000	6.03405e-07	
33.000000	0.001137  	33.000000	0.00130248	33.000000	0.00129599	33.000000	0.00129562	33.000000	0.00130191	33.000000	5.69782e-07	
35.000000	0.00108422	35.000000	0.0012414 	35.000000	0.00123539	35.000000	0.00123507	35.000000	0.00124086	35.000000	5.39838e-07	
38.000000	0.00101472	38.000000	0.00116098	38.000000	0.00115576	38.000000	0.00115532	38.000000	0.00116048	38.000000	5.00586e-07	
41.000000	0.000954691	41.000000	0.00109153	41.000000	0.00108687	41.000000	0.00108641	41.000000	0.00109106	41.000000	4.66841e-07	
44.000000	0.000902284	44.000000	0.00103091	44.000000	0.00102666	44.000000	0.00102625	44.000000	0.00103048	44.000000	4.37507e-07	
47.000000	0.000856108	47.000000	0.000977534	47.000000	0.000973633	47.000000	0.000973241	47.000000	0.000977122	47.000000	4.11764e-07	
50.000000	0.000815095	50.000000	0.000930149	50.000000	0.000926529	50.000000	0.000926161	50.000000	0.00092976	50.000000	3.88983e-07	
55.000000	0.000756018	55.000000	0.000861959	55.000000	0.000858706	55.000000	0.000858366	55.000000	0.000861603	55.000000	3.56317e-07	
60.000000	0.000706139	60.000000	0.000804461	60.000000	0.000801492	60.000000	0.000801156	60.000000	0.000804132	60.000000	3.2888e-07	
65.000000	0.000663426	65.000000	0.000755296	65.000000	0.000752598	65.000000	0.000752201	65.000000	0.000754991	65.000000	3.05497e-07	
70.000000	0.000626409	70.000000	0.000712758	70.000000	0.000710176	70.000000	0.000709815	70.000000	0.000712472	70.000000	2.85322e-07	
75.000000	0.000594  	75.000000	0.000675576	75.000000	0.000673084	75.000000	0.000672743	75.000000	0.000675308	75.000000	2.67732e-07	
80.000000	0.00056537	80.000000	0.000642789	80.000000	0.000640356	80.000000	0.000640034	80.000000	0.000642536	80.000000	2.52253e-07	
85.000000	0.000539881	85.000000	0.000613652	85.000000	0.000611257	85.000000	0.000610952	85.000000	0.000613414	85.000000	2.38524e-07	
90.000000	0.000517033	90.000000	0.000587583	90.000000	0.000585212	90.000000	0.000584919	90.000000	0.000587357	90.000000	2.26261e-07	
95.000000	0.000496427	95.000000	0.000564117	95.000000	0.000561823	95.000000	0.000561476	95.000000	0.000563902	95.000000	2.15238e-07	
100.000000	0.00047774	100.000000	0.000542878	100.000000	0.000540583	100.000000	0.000540251	100.000000	0.000542673	100.000000	2.05274e-07	
105.000000	0.000460711	105.000000	0.000523561	105.000000	0.000521257	105.000000	0.00052094	105.000000	0.000523365	105.000000	1.96222e-07	
110.000000	0.000445123	110.000000	0.000505914	110.000000	0.000503599	110.000000	0.000503293	110.000000	0.000505726	110.000000	1.8796e-07	
115.000000	0.000430796	115.000000	0.000489727	115.000000	0.000487398	115.000000	0.000487104	115.000000	0.000489547	115.000000	1.80389e-07	
120.000000	0.000417579	120.000000	0.000474826	120.000000	0.00047248	120.000000	0.000472196	120.000000	0.000474652	120.000000	1.73425e-07	
125.000000	0.000405346	125.000000	0.000461061	125.000000	0.000458699	125.000000	0.000458424	125.000000	0.000460894	125.000000	1.66996e-07	
130.000000	0.000393987	130.000000	0.000448306	130.000000	0.000445927	130.000000	0.000445661	130.000000	0.000448145	130.000000	1.61042e-07	
135.000000	0.00038341	135.000000	0.000436454	135.000000	0.000434052	135.000000	0.000433799	135.000000	0.000436298	135.000000	1.55513e-07	
140.000000	0.000373535	140.000000	0.00042541	140.000000	0.000423017	140.000000	0.000422747	140.000000	0.00042526	140.000000	1.50363e-07	
145.000000	0.000364292	145.000000	0.000415096	145.000000	0.000412718	145.000000	0.000412423	145.000000	0.00041495	145.000000	1.45554e-07	
150.000000	0.00035562	150.000000	0.000405439	150.000000	0.000403044	150.000000	0.000402758	150.000000	0.000405298	150.000000	1.41054e-07	
155.000000	0.000343411	155.000000	0.00039638	155.000000	0.000393966	155.000000	0.000393691	155.000000	0.000396243	155.000000	1.36833e-07	
160.000000	0.000336255	160.000000	0.000387863	160.000000	0.000385437	160.000000	0.000385167	160.000000	0.00038773	160.000000	1.32866e-07	
165.000000	0.000329506	165.000000	0.000379842	165.000000	0.000377403	165.000000	0.000377139	165.000000	0.000379713	165.000000	1.29129e-07	
170.000000	0.000323132	170.000000	0.000372274	170.000000	0.000369823	170.000000	0.000369566	170.000000	0.000372148	170.000000	1.25605e-07	
175.000000	0.0003171 	175.000000	0.000365122	175.000000	0.000362661	175.000000	0.000362409	175.000000	0.000365  	175.000000	1.22274e-07	
180.000000	0.000311383	180.000000	0.000358352	180.000000	0.000355882	180.000000	0.000355636	180.000000	0.000358233	180.000000	1.19121e-07	
185.000000	0.000305958	185.000000	0.000351934	185.000000	0.000349457	185.000000	0.000349216	185.000000	0.000351818	185.000000	1.16131e-07	
190.000000	0.000300802	190.000000	0.000345842	190.000000	0.00034336	190.000000	0.000343122	190.000000	0.000345729	190.000000	1.13294e-07	
195.000000	0.000295895	195.000000	0.000340052	195.000000	0.000337561	195.000000	0.000337331	195.000000	0.000339941	195.000000	1.10596e-07	
200.000000	0.00029122	200.000000	0.00033454	200.000000	0.000332044	200.000000	0.00033182	200.000000	0.000334432	200.000000	1.08028e-07	
210.000000	0.000282501	210.000000	0.00032428	210.000000	0.000321813	210.000000	0.000321562	210.000000	0.000324176	210.000000	1.03245e-07	
220.000000	0.000274532	220.000000	0.000314922	220.000000	0.000312461	220.000000	0.000312212	220.000000	0.000314824	220.000000	9.88812e-08	
230.000000	0.00026722	230.000000	0.000306355	230.000000	0.000303894	230.000000	0.000303655	230.000000	0.00030626	230.000000	9.48826e-08	
240.000000	0.000260485	240.000000	0.000298481	240.000000	0.000296027	240.000000	0.000295794	240.000000	0.00029839	240.000000	9.1205e-08	
250.000000	0.000254263	250.000000	0.000291221	250.000000	0.000288776	250.000000	0.00028855	250.000000	0.000291134	250.000000	8.78108e-08	
260.000000	0.000248497	260.000000	0.000284506	260.000000	0.000282073	260.000000	0.000281853	260.000000	0.000284422	260.000000	8.46681e-08	
270.000000	0.000243137	270.000000	0.000278278	270.000000	0.000275859	270.000000	0.000275644	270.000000	0.000278196	270.000000	8.17497e-08	
280.000000	0.000238143	280.000000	0.000272485	280.000000	0.000270083	280.000000	0.000269873	280.000000	0.000272406	280.000000	7.90321e-08	
290.000000	0.000233478	290.000000	0.000267084	290.000000	0.000264698	290.000000	0.000264496	290.000000	0.000267008	290.000000	7.64951e-08	
300.000000	0.000229111	300.000000	0.000262038	300.000000	0.000259686	300.000000	0.000259475	300.000000	0.000261964	300.000000	7.4121e-08	
310.000000	0.000225015	310.000000	0.000257313	310.000000	0.000255001	310.000000	0.000254776	310.000000	0.000257241	310.000000	7.18946e-08	
320.000000	0.000221164	320.000000	0.000252879	320.000000	0.00025059	320.000000	0.000250369	320.000000	0.000252809	320.000000	6.98022e-08	
330.000000	0.000217539	330.000000	0.000248711	330.000000	0.000246444	330.000000	0.00024623	330.000000	0.000248644	330.000000	6.7832e-08	
340.000000	0.00021412	340.000000	0.000244787	340.000000	0.000242546	340.000000	0.000242335	340.000000	0.000244721	340.000000	6.59735e-08	
350.000000	0.00021089	350.000000	0.000241086	350.000000	0.000238871	350.000000	0.000238663	350.000000	0.000241022	350.000000	6.42174e-08	
360.000000	0.000207834	360.000000	0.00023759	360.000000	0.000235402	360.000000	0.000235198	360.000000	0.000237528	360.000000	6.25553e-08	
370.000000	0.000204939	370.000000	0.000234283	370.000000	0.000232101	370.000000	0.0002319 	370.000000	0.000234222	370.000000	6.09798e-08	
380.000000	0.000202192	380.000000	0.000231151	380.000000	0.000228976	380.000000	0.000228778	380.000000	0.000231091	380.000000	5.94843e-08	
390.000000	0.000199583	390.000000	0.00022818	390.000000	0.000226013	390.000000	0.000225819	390.000000	0.000228122	390.000000	5.80626e-08	
400.000000	0.000197102	400.000000	0.000225358	400.000000	0.000223202	400.000000	0.00022301	400.000000	0.000225302	400.000000	5.67095e-08	
410.000000	0.00019474	410.000000	0.000222676	410.000000	0.00022053	410.000000	0.000220341	410.000000	0.000222621	410.000000	5.542e-08 	
420.000000	0.000192489	420.000000	0.000220123	420.000000	0.000217989	420.000000	0.000217803	420.000000	0.000220069	420.000000	5.41898e-08	
430.000000	0.000190342	430.000000	0.000217691	430.000000	0.000215569	430.000000	0.000215385	430.000000	0.000217638	430.000000	5.30147e-08	
440.000000	0.000188291	440.000000	0.000215372	440.000000	0.00021326	440.000000	0.000213081	440.000000	0.00021532	440.000000	5.18911e-08	
450.000000	0.000186331	450.000000	0.000213158	450.000000	0.00021106	450.000000	0.000210882	450.000000	0.000213107	450.000000	5.08156e-08	
460.000000	0.000184456	460.000000	0.000211042	460.000000	0.000208966	460.000000	0.000208783	460.000000	0.000210992	460.000000	4.97852e-08	
470.000000	0.000182661	470.000000	0.000209019	470.000000	0.000206968	470.000000	0.000206776	470.000000	0.000208971	470.000000	4.87972e-08	
480.000000	0.000180941	480.000000	0.000207084	480.000000	0.000205053	480.000000	0.000204857	480.000000	0.000207036	480.000000	4.78488e-08	
490.000000	0.000179292	490.000000	0.000205229	490.000000	0.000203214	490.000000	0.000203019	490.000000	0.000205183	490.000000	4.69377e-08	
500.000000	0.00017771	500.000000	0.000203452	500.000000	0.00020145	500.000000	0.000201258	500.000000	0.000203406	500.000000	4.60618e-08	
520.000000	0.000174731	520.000000	0.000200112	520.000000	0.000198138	520.000000	0.000197951	520.000000	0.000200068	520.000000	4.44076e-08	
540.000000	0.000171978	540.000000	0.000197031	540.000000	0.000195086	540.000000	0.000194903	540.000000	0.000196988	540.000000	4.28715e-08	
560.000000	0.000169428	560.000000	0.000194183	560.000000	0.000192266	560.000000	0.000192086	560.000000	0.000194141	560.000000	4.14414e-08	
580.000000	0.00016706	580.000000	0.000191543	580.000000	0.000189654	580.000000	0.000189477	580.000000	0.000191503	580.000000	4.01065e-08	
600.000000	0.000164858	600.000000	0.000189092	600.000000	0.00018723	600.000000	0.000187055	600.000000	0.000189053	600.000000	3.88575e-08	
620.000000	0.000162806	620.000000	0.000186812	620.000000	0.000184975	620.000000	0.000184803	620.000000	0.000186774	620.000000	3.76863e-08	
640.000000	0.000160891	640.000000	0.000184687	640.000000	0.000182874	640.000000	0.000182704	640.000000	0.00018465	640.000000	3.65858e-08	
660.000000	0.000159102	660.000000	0.000182703	660.000000	0.000180912	660.000000	0.000180745	660.000000	0.000182667	660.000000	3.55497e-08	
680.000000	0.000157427	680.000000	0.000180849	680.000000	0.000179077	680.000000	0.000178913	680.000000	0.000180814	680.000000	3.45724e-08	
700.000000	0.000155857	700.000000	0.000179113	700.000000	0.000177363	700.000000	0.000177198	700.000000	0.000179079	700.000000	3.3649e-08	
720.000000	0.000154384	720.000000	0.000177486	720.000000	0.000175762	720.000000	0.00017559	720.000000	0.000177453	720.000000	3.27752e-08	
740.000000	0.000153001	740.000000	0.000175959	740.000000	0.000174257	740.000000	0.000174079	740.000000	0.000175927	740.000000	3.1947e-08	
760.000000	0.000151701	760.000000	0.000174525	760.000000	0.000172837	760.000000	0.000172659	760.000000	0.000174494	760.000000	3.11608e-08	
780.000000	0.000150478	780.000000	0.000173177	780.000000	0.000171497	780.000000	0.000171323	780.000000	0.000173146	780.000000	3.04136e-08	
800.000000	0.000149326	800.000000	0.000171908	800.000000	0.000170234	800.000000	0.000170063	800.000000	0.000171878	800.000000	2.97025e-08	
820.000000	0.00014824	820.000000	0.000170712	820.000000	0.000169045	820.000000	0.000168874	820.000000	0.000170683	820.000000	2.90249e-08	
840.000000	0.000147217	840.000000	0.000169585	840.000000	0.000167921	840.000000	0.000167752	840.000000	0.000169557	840.000000	2.83785e-08	
860.000000	0.000146251	860.000000	0.000168522	860.000000	0.000166859	860.000000	0.000166691	860.000000	0.000168494	860.000000	2.77611e-08	
880.000000	0.00014534	880.000000	0.000167519	880.000000	0.000165854	880.000000	0.000165688	880.000000	0.000167491	880.000000	2.71708e-08	
900.000000	0.000144479	900.000000	0.000166571	900.000000	0.000164902	900.000000	0.000164737	900.000000	0.000166544	900.000000	2.66058e-08	
920.000000	0.000143666	920.000000	0.000165675	920.000000	0.000164  	920.000000	0.000163837	920.000000	0.000165649	920.000000	2.60646e-08	
940.000000	0.000142898	940.000000	0.000164828	940.000000	0.000163145	940.000000	0.000162983	940.000000	0.000164803	940.000000	2.55456e-08	
960.000000	0.000142172	960.000000	0.000164028	960.000000	0.000162334	960.000000	0.000162172	960.000000	0.000164003	960.000000	2.50475e-08	
980.000000	0.000141486	980.000000	0.00016327	980.000000	0.000161563	980.000000	0.000161402	980.000000	0.000163246	980.000000	2.45691e-08	
1000.000000	0.000140837	1000.000000	0.000162553	1000.000000	0.00016083	1000.000000	0.000160671	1000.000000	0.000162529	1000.000000	2.41091e-08	
1020.000000	0.000140224	1020.000000	0.000161874	1020.000000	0.000160134	1020.000000	0.000159975	1020.000000	0.000161851	1020.000000	2.36666e-08	
1040.000000	0.000139644	1040.000000	0.000161232	1040.000000	0.000159471	1040.000000	0.000159314	1040.000000	0.000161209	1040.000000	2.32405e-08	
1060.000000	0.000139095	1060.000000	0.000160624	1060.000000	0.00015884	1060.000000	0.000158684	1060.000000	0.000160601	1060.000000	2.283e-08 	
1080.000000	0.000138577	1080.000000	0.000160047	1080.000000	0.000158239	1080.000000	0.000158084	1080.000000	0.000160025	1080.000000	2.24341e-08	
1100.000000	0.000138088	1100.000000	0.000159502	1100.000000	0.000157667	1100.000000	0.000157512	1100.000000	0.00015948	1100.000000	2.20522e-08	
1120.000000	0.000137625	1120.000000	0.000158985	1120.000000	0.000157121	1120.000000	0.000156967	1120.000000	0.000158963	1120.000000	2.16834e-08	
1140.000000	0.000137188	1140.000000	0.000158496	1140.000000	0.000156601	1140.000000	0.000156447	1140.000000	0.000158475	1140.000000	2.13272e-08	
1160.000000	0.000136776	1160.000000	0.000158033	1160.000000	0.000156104	1160.000000	0.000155952	1160.000000	0.000158012	1160.000000	2.09828e-08	
1180.000000	0.000136387	1180.000000	0.000157595	1180.000000	0.00015563	1180.000000	0.000155478	1180.000000	0.000157574	1180.000000	2.06497e-08	
1200.000000	0.00013602	1200.000000	0.00015718	1200.000000	0.000155178	1200.000000	0.000155026	1200.000000	0.000157159	1200.000000	2.03273e-08	
1220.000000	0.000135675	1220.000000	0.000156787	1220.000000	0.000154745	1220.000000	0.000154595	1220.000000	0.000156767	1220.000000	2.00151e-08	
1240.000000	0.00013535	1240.000000	0.000156416	1240.000000	0.000154331	1240.000000	0.000154182	1240.000000	0.000156396	1240.000000	1.97127e-08	
1260.000000	0.000135044	1260.000000	0.000156065	1260.000000	0.000153936	1260.000000	0.000153788	1260.000000	0.000156046	1260.000000	1.94196e-08	
1280.000000	0.000134757	1280.000000	0.000155734	1280.000000	0.000153558	1280.000000	0.000153411	1280.000000	0.000155715	1280.000000	1.91353e-08	
1300.000000	0.000134487	1300.000000	0.000155421	1300.000000	0.000153198	1300.000000	0.000153051	1300.000000	0.000155403	1300.000000	1.88594e-08	
1320.000000	0.000134234	1320.000000	0.000155126	1320.000000	0.000152854	1320.000000	0.000152706	1320.000000	0.000155108	1320.000000	1.85917e-08	
1340.000000	0.000133998	1340.000000	0.000154848	1340.000000	0.000152526	1340.000000	0.000152376	1340.000000	0.00015483	1340.000000	1.83316e-08	
1360.000000	0.000133777	1360.000000	0.000154586	1360.000000	0.000152212	1360.000000	0.000152061	1360.000000	0.000154568	1360.000000	1.8079e-08	
1380.000000	0.000133571	1380.000000	0.00015434	1380.000000	0.000151912	1380.000000	0.000151759	1380.000000	0.000154322	1380.000000	1.78334e-08	
1400.000000	0.00013338	1400.000000	0.000154108	1400.000000	0.000151625	1400.000000	0.00015147	1400.000000	0.00015409	1400.000000	1.75947e-08	
1420.000000	0.000133202	1420.000000	0.000153891	1420.000000	0.000151351	1420.000000	0.000151193	1420.000000	0.000153873	1420.000000	1.73624e-08	
1440.000000	0.000133038	1440.000000	0.000153687	1440.000000	0.000151087	1440.000000	0.000150928	1440.000000	0.00015367	1440.000000	1.71364e-08	
1460.000000	0.000132887	1460.000000	0.000153496	1460.000000	0.000150834	1460.000000	0.000150674	1460.000000	0.000153479	1460.000000	1.69163e-08	
1480.000000	0.000132747	1480.000000	0.000153318	1480.000000	0.000150591	1480.000000	0.000150432	1480.000000	0.000153301	1480.000000	1.6702e-08	
1500.000000	0.00013262	1500.000000	0.000153152	1500.000000	0.000150358	1500.000000	0.000150199	1500.000000	0.000153135	1500.000000	1.64932e-08	
1520.000000	0.000132504	1520.000000	0.000152997	1520.000000	0.000150135	1520.000000	0.000149976	1520.000000	0.000152981	1520.000000	1.62898e-08	
1540.000000	0.000132399	1540.000000	0.000152854	1540.000000	0.000149921	1540.000000	0.000149763	1540.000000	0.000152838	1540.000000	1.60914e-08	
1560.000000	0.000132305	1560.000000	0.000152721	1560.000000	0.000149715	1560.000000	0.000149558	1560.000000	0.000152705	1560.000000	1.5898e-08	
1580.000000	0.000132221	1580.000000	0.000152599	1580.000000	0.000149519	1580.000000	0.000149362	1580.000000	0.000152583	1580.000000	1.57093e-08	
1600.000000	0.000132146	1600.000000	0.000152487	1600.000000	0.000149331	1600.000000	0.000149175	1600.000000	0.000152471	1600.000000	1.55252e-08	
1620.000000	0.000132082	1620.000000	0.000152384	1620.000000	0.00014915	1620.000000	0.000148995	1620.000000	0.000152369	1620.000000	1.53454e-08	
1640.000000	0.000132026	1640.000000	0.00015229	1640.000000	0.000148978	1640.000000	0.000148823	1640.000000	0.000152275	1640.000000	1.51699e-08	
1660.000000	0.00013198	1660.000000	0.000152206	1660.000000	0.000148813	1660.000000	0.000148659	1660.000000	0.000152191	1660.000000	1.49985e-08	
1680.000000	0.000131942	1680.000000	0.00015213	1680.000000	0.000148655	1680.000000	0.000148501	1680.000000	0.000152115	1680.000000	1.4831e-08	
1700.000000	0.000131912	1700.000000	0.000152062	1700.000000	0.000148504	1700.000000	0.00014835	1700.000000	0.000152047	1700.000000	1.46674e-08	
1750.000000	0.000131874	1750.000000	0.000151927	1750.000000	0.000148153	1750.000000	0.000148  	1750.000000	0.000151913	1750.000000	1.42741e-08	
1800.000000	0.000131882	1800.000000	0.000151838	1800.000000	0.00014784	1800.000000	0.000147687	1800.000000	0.000151824	1800.000000	1.39019e-08	
1850.000000	0.000131933	1850.000000	0.000151791	1850.000000	0.000147559	1850.000000	0.000147407	1850.000000	0.000151777	1850.000000	1.35492e-08	
1900.000000	0.000132024	1900.000000	0.000151783	1900.000000	0.000147309	1900.000000	0.000147158	1900.000000	0.00015177	1900.000000	1.32145e-08	
1950.000000	0.000132153	1950.000000	0.000151811	1950.000000	0.000147086	1950.000000	0.000146936	1950.000000	0.000151798	1950.000000	1.28964e-08	
2000.000000	0.000132317	2000.000000	0.000151872	2000.000000	0.000146888	2000.000000	0.000146738	2000.000000	0.000151859	2000.000000	1.25937e-08	
2100.000000	0.000132741	2100.000000	0.000152085	2100.000000	0.000146559	2100.000000	0.000146411	2100.000000	0.000152073	2100.000000	1.20301e-08	
2200.000000	0.00013328	2200.000000	0.000152404	2200.000000	0.000146308	2200.000000	0.00014616	2200.000000	0.000152392	2200.000000	1.15162e-08	
2300.000000	0.00013392	2300.000000	0.000152816	2300.000000	0.000146122	2300.000000	0.000145975	2300.000000	0.000152805	2300.000000	1.10455e-08	
2400.000000	0.000134651	2400.000000	0.000153309	2400.000000	0.000145991	2400.000000	0.000145845	2400.000000	0.000153299	2400.000000	1.06129e-08	
2500.000000	0.000135463	2500.000000	0.000153874	2500.000000	0.000145906	2500.000000	0.000145761	2500.000000	0.000153864	2500.000000	1.02138e-08	
2600.000000	0.000136348	2600.000000	0.000154502	2600.000000	0.000145862	2600.000000	0.000145717	2600.000000	0.000154492	2600.000000	9.84441e-09	
2700.000000	0.000137299	2700.000000	0.000155185	2700.000000	0.000145852	2700.000000	0.000145708	2700.000000	0.000155176	2700.000000	9.50155e-09	
2800.000000	0.000138311	2800.000000	0.000155919	2800.000000	0.000145871	2800.000000	0.000145728	2800.000000	0.00015591	2800.000000	9.18241e-09	
2900.000000	0.000139378	2900.000000	0.000156697	2900.000000	0.000145916	2900.000000	0.000145773	2900.000000	0.000156688	2900.000000	8.8846e-09	
3000.000000	0.000140496	3000.000000	0.000157516	3000.000000	0.000145982	3000.000000	0.00014584	3000.000000	0.000157507	3000.000000	8.60602e-09	
3200.000000	0.000142869	3200.000000	0.000159258	3200.000000	0.000146169	3200.000000	0.000146027	3200.000000	0.000159249	3200.000000	8.09952e-09	
3400.000000	0.000145404	3400.000000	0.000161118	3400.000000	0.000146412	3400.000000	0.000146271	3400.000000	0.000161111	3400.000000	7.65081e-09	
3600.000000	0.000148081	3600.000000	0.000163077	3600.000000	0.000146697	3600.000000	0.000146557	3600.000000	0.00016307	3600.000000	7.25046e-09	
3800.000000	0.000150882	3800.000000	0.000165119	3800.000000	0.000147014	3800.000000	0.000146874	3800.000000	0.000165112	3800.000000	6.89099e-09	
4000.000000	0.000153796	4000.000000	0.000167229	4000.000000	0.000147354	4000.000000	0.000147214	4000.000000	0.000167223	4000.000000	6.56639e-09	
4200.000000	0.000156811	4200.000000	0.000169399	4200.000000	0.00014771	4200.000000	0.000147571	4200.000000	0.000169393	4200.000000	6.27178e-09	
4400.000000	0.000159918	4400.000000	0.000171619	4400.000000	0.000148079	4400.000000	0.00014794	4400.000000	0.000171613	4400.000000	6.00314e-09	
4600.000000	0.000163111	4600.000000	0.000173882	4600.000000	0.000148456	4600.000000	0.000148317	4600.000000	0.000173877	4600.000000	5.75717e-09	
4800.000000	0.000166383	4800.000000	0.000176183	4800.000000	0.000148838	4800.000000	0.000148699	4800.000000	0.000176178	4800.000000	5.53108e-09	
5000.000000	0.000169728	5000.000000	0.000178516	5000.000000	0.000149222	5000.000000	0.000149084	5000.000000	0.000178511	5000.000000	5.32253e-09	
5250.000000	0.000174007	5250.000000	0.000181472	5250.000000	0.000149705	5250.000000	0.000149567	5250.000000	0.000181467	5250.000000	5.08354e-09	
5500.000000	0.000178386	5500.000000	0.000184466	5500.000000	0.000150186	5500.000000	0.000150048	5500.000000	0.000184461	5500.000000	4.86562e-09	
6000.000000	0.000187426	6000.000000	0.000190545	6000.000000	0.000151136	6000.000000	0.000150999	6000.000000	0.000190541	6000.000000	4.48271e-09	
6500.000000	0.000196809	6500.000000	0.000196719	6500.000000	0.000152064	6500.000000	0.000151928	6500.000000	0.000196715	6500.000000	4.15704e-09	
7000.000000	0.000206508	7000.000000	0.000202964	7000.000000	0.000152964	7000.000000	0.000152828	7000.000000	0.00020296	7000.000000	3.87658e-09	
7500.000000	0.000216504	7500.000000	0.000209262	7500.000000	0.000153833	7500.000000	0.000153697	7500.000000	0.000209258	7500.000000	3.63245e-09	
8000.000000	0.00022678	8000.000000	0.0002156 	8000.000000	0.00015467	8000.000000	0.000154534	8000.000000	0.000215597	8000.000000	3.41797e-09	
8500.000000	0.000237325	8500.000000	0.000221969	8500.000000	0.000155476	8500.000000	0.00015534	8500.000000	0.000221966	8500.000000	3.22801e-09	
9000.000000	0.00024813	9000.000000	0.000228361	9000.000000	0.000156251	9000.000000	0.000156116	9000.000000	0.000228358	9000.000000	3.05855e-09	
9500.000000	0.000259188	9500.000000	0.000234771	9500.000000	0.000156997	9500.000000	0.000156862	9500.000000	0.000234768	9500.000000	2.90643e-09	
10000.000000	0.000270493	10000.000000	0.000241193	10000.000000	0.000157717	10000.000000	0.00015758	10000.000000	0.00024119	10000.000000	2.76909e-09	
11000.000000	0.000293828	11000.000000	0.000254063	11000.000000	0.000159074	11000.000000	0.000158938	11000.000000	0.00025406	11000.000000	2.53083e-09	
12000.000000	0.000318107	12000.000000	0.000266951	12000.000000	0.000160333	12000.000000	0.000160202	12000.000000	0.000266948	12000.000000	2.33121e-09	
13000.000000	0.000343312	13000.000000	0.000279842	13000.000000	0.00016151	13000.000000	0.000161381	13000.000000	0.00027984	13000.000000	2.16146e-09	
14000.000000	0.00036943	14000.000000	0.00029273	14000.000000	0.000162616	14000.000000	0.000162484	14000.000000	0.000292728	14000.000000	2.01531e-09	
15000.000000	0.000396454	15000.000000	0.000305607	15000.000000	0.000163657	15000.000000	0.00016352	15000.000000	0.000305605	15000.000000	1.88811e-09	
16000.000000	0.000424378	16000.000000	0.000318469	16000.000000	0.000164637	16000.000000	0.000164496	16000.000000	0.000318467	16000.000000	1.77637e-09	
17000.000000	0.000453199	17000.000000	0.000331314	17000.000000	0.000165559	17000.000000	0.000165418	17000.000000	0.000331313	17000.000000	1.67743e-09	
18000.000000	0.000482916	18000.000000	0.000344141	18000.000000	0.000166429	18000.000000	0.000166291	18000.000000	0.000344139	18000.000000	1.58918e-09	
19000.000000	0.000513528	19000.000000	0.000356947	19000.000000	0.000167252	19000.000000	0.000167119	19000.000000	0.000356946	19000.000000	1.50996e-09	
20000.000000	0.000545037	20000.000000	0.000369733	20000.000000	0.000168033	20000.000000	0.000167908	20000.000000	0.000369732	20000.000000	1.43846e-09	
21000.000000	0.000577442	21000.000000	0.000382498	21000.000000	0.000168778	21000.000000	0.000168659	21000.000000	0.000382497	21000.000000	1.37357e-09	
22000.000000	0.000610746	22000.000000	0.000395242	22000.000000	0.000169492	22000.000000	0.000169377	22000.000000	0.000395241	22000.000000	1.31443e-09	
23000.000000	0.000644951	23000.000000	0.000407965	23000.000000	0.000170179	23000.000000	0.000170064	23000.000000	0.000407964	23000.000000	1.26028e-09	
24000.000000	0.000680061	24000.000000	0.000420668	24000.000000	0.000170837	24000.000000	0.000170723	24000.000000	0.000420666	24000.000000	1.21053e-09	
25000.000000	0.000716078	25000.000000	0.000433349	25000.000000	0.000171467	25000.000000	0.000171355	25000.000000	0.000433348	25000.000000	1.16465e-09	
26000.000000	0.000753005	26000.000000	0.000446011	26000.000000	0.000172073	26000.000000	0.000171963	26000.000000	0.000446009	26000.000000	1.1222e-09	
27000.000000	0.000790846	27000.000000	0.000458652	27000.000000	0.000172659	27000.000000	0.000172549	27000.000000	0.000458651	27000.000000	1.08281e-09	
28000.000000	0.000829605	28000.000000	0.000471274	28000.000000	0.000173224	28000.000000	0.000173113	28000.000000	0.000471273	28000.000000	1.04616e-09	
29000.000000	0.000869285	29000.000000	0.000483876	29000.000000	0.000173766	29000.000000	0.000173658	29000.000000	0.000483875	29000.000000	1.01197e-09	
30000.000000	0.000909892	30000.000000	0.00049646	30000.000000	0.000174288	30000.000000	0.000174184	30000.000000	0.000496459	30000.000000	9.79994e-10	
32000.000000	0.000993899	32000.000000	0.000521573	32000.000000	0.00017528	32000.000000	0.000175186	32000.000000	0.000521572	32000.000000	9.21882e-10	
34000.000000	0.00108166	34000.000000	0.000546616	34000.000000	0.000176214	34000.000000	0.000176128	34000.000000	0.000546615	34000.000000	8.70427e-10	
36000.000000	0.00117322	36000.000000	0.000571591	36000.000000	0.000177095	36000.000000	0.000177015	36000.000000	0.00057159	36000.000000	8.2454e-10	
38000.000000	0.0012686 	38000.000000	0.000596502	38000.000000	0.000177929	38000.000000	0.000177854	38000.000000	0.000596501	38000.000000	7.83356e-10	
40000.000000	0.00136785	40000.000000	0.000621351	40000.000000	0.00017872	40000.000000	0.00017865	40000.000000	0.000621351	40000.000000	7.46183e-10	
42000.000000	0.00147102	42000.000000	0.000646142	42000.000000	0.000179472	42000.000000	0.000179406	42000.000000	0.000646141	42000.000000	7.12457e-10	
44000.000000	0.00157813	44000.000000	0.000670876	44000.000000	0.000180188	44000.000000	0.000180127	44000.000000	0.000670875	44000.000000	6.81718e-10	
46000.000000	0.00168923	46000.000000	0.000695555	46000.000000	0.000180871	46000.000000	0.000180815	46000.000000	0.000695555	46000.000000	6.53581e-10	
48000.000000	0.00180436	48000.000000	0.000720183	48000.000000	0.000181525	48000.000000	0.000181474	48000.000000	0.000720182	48000.000000	6.27728e-10	
50000.000000	0.00192357	50000.000000	0.000744761	50000.000000	0.00018215	50000.000000	0.000182105	50000.000000	0.00074476	50000.000000	6.03888e-10	
