Energy (MeV/u)1	0 - [He-base] F.Hubert et al, AD&ND Tables 46(1990)1	Energy (MeV/u)2	1 - [H -base] J.F.Ziegler et al, Pergamon Press, NY (low energy)	Energy (MeV/u)3	2 - ATIMA 1.2  LS-theory (recommended for high energy)	Energy (MeV/u)4	3 - ATIMA 1.2  without LS-correction	Energy (MeV/u)5	4 - electrical component of [1] - J.F.Ziegler et al	Energy (MeV/u)6	5 - nuclear component of [1] - J.F.Ziegler et al	
0.001000	0.0214136 	0.001000	0.0266906 	0.001000	0.0331282 	0.001000	0.0331282 	0.001000	0.0176946 	0.001000	0.00899606	
0.002000	0.0279533 	0.002000	0.0348582 	0.002000	0.0426429 	0.002000	0.0426429 	0.002000	0.0285701 	0.002000	0.00628806	
0.005000	0.0437614 	0.005000	0.0546309 	0.005000	0.0628558 	0.005000	0.0628558 	0.005000	0.0510665 	0.005000	0.00356436	
0.008000	0.0555047 	0.008000	0.0693187 	0.008000	0.0765095 	0.008000	0.0765095 	0.008000	0.0667341 	0.008000	0.00258458	
0.010000	0.0619374 	0.010000	0.0773813 	0.010000	0.0836442 	0.010000	0.0836442 	0.010000	0.0751762 	0.010000	0.00220513	
0.015000	0.079085  	0.015000	0.0946155 	0.015000	0.097628  	0.015000	0.097628  	0.015000	0.0929877 	0.015000	0.00162785	
0.020000	0.0934196 	0.020000	0.108657  	0.020000	0.108473  	0.020000	0.108473  	0.020000	0.107346  	0.020000	0.00131039	
0.025000	0.105638  	0.025000	0.120627  	0.025000	0.117575  	0.025000	0.117575  	0.025000	0.119523  	0.025000	0.00110385	
0.030000	0.11611   	0.030000	0.131108  	0.030000	0.126244  	0.030000	0.126244  	0.030000	0.13015   	0.030000	0.000957689	
0.035000	0.12506   	0.035000	0.140429  	0.035000	0.133862  	0.035000	0.133862  	0.035000	0.139581  	0.035000	0.000848281	
0.040000	0.132642  	0.040000	0.148792  	0.040000	0.140646  	0.040000	0.140646  	0.040000	0.148029  	0.040000	0.000763017	
0.045000	0.138978  	0.045000	0.156328  	0.045000	0.14674   	0.045000	0.14674   	0.045000	0.155634  	0.045000	0.000694523	
0.050000	0.144179  	0.050000	0.163125  	0.050000	0.15224   	0.050000	0.15224   	0.050000	0.162487  	0.050000	0.000638182	
0.055000	0.148353  	0.055000	0.169246  	0.055000	0.157219  	0.055000	0.157219  	0.055000	0.168655  	0.055000	0.000590948	
0.060000	0.151605  	0.060000	0.17474   	0.060000	0.161728  	0.060000	0.161728  	0.060000	0.17419   	0.060000	0.000550726	
0.070000	0.155764  	0.070000	0.184003  	0.070000	0.169497  	0.070000	0.169497  	0.070000	0.183517  	0.070000	0.000485753	
0.080000	0.157466  	0.080000	0.191184  	0.080000	0.175802  	0.080000	0.175802  	0.080000	0.190749  	0.080000	0.000435419	
0.090000	0.157426  	0.090000	0.196528  	0.090000	0.180831  	0.090000	0.180831  	0.090000	0.196133  	0.090000	0.000395182	
0.100000	0.15623   	0.100000	0.200271  	0.100000	0.184738  	0.100000	0.184738  	0.100000	0.199909  	0.100000	0.00036222	
0.120000	0.15203   	0.120000	0.203862  	0.120000	0.189719  	0.120000	0.189719  	0.120000	0.203551  	0.120000	0.000311303	
0.140000	0.14707   	0.140000	0.203625  	0.140000	0.191685  	0.140000	0.191685  	0.140000	0.203351  	0.140000	0.000273682	
0.160000	0.142287  	0.160000	0.200903  	0.160000	0.191412  	0.160000	0.191412  	0.160000	0.200658  	0.160000	0.000244665	
0.180000	0.137976  	0.180000	0.196681  	0.180000	0.189527  	0.180000	0.189527  	0.180000	0.196459  	0.180000	0.000221551	
0.200000	0.134159  	0.200000	0.191632  	0.200000	0.186526  	0.200000	0.186526  	0.200000	0.191429  	0.200000	0.000202674	
0.250000	0.126282  	0.250000	0.177901  	0.250000	0.17639   	0.250000	0.17639   	0.250000	0.177733  	0.250000	0.000167693	
0.300000	0.119848  	0.300000	0.164751  	0.300000	0.165062  	0.300000	0.165062  	0.300000	0.164608  	0.300000	0.000143526	
0.350000	0.114176  	0.350000	0.15305   	0.350000	0.15412   	0.350000	0.15412   	0.350000	0.152924  	0.350000	0.000125762	
0.400000	0.108981  	0.400000	0.142846  	0.400000	0.144132  	0.400000	0.144132  	0.400000	0.142734  	0.400000	0.000112119	
0.450000	0.104156  	0.450000	0.133968  	0.450000	0.135219  	0.450000	0.135219  	0.450000	0.133867  	0.450000	0.00010129	
0.500000	0.0996614 	0.500000	0.126209  	0.500000	0.127328  	0.500000	0.127328  	0.500000	0.126116  	0.500000	9.24722e-05	
0.600000	0.0915845 	0.600000	0.113331  	0.600000	0.114149  	0.600000	0.114149  	0.600000	0.113252  	0.600000	7.89509e-05	
0.700000	0.084611  	0.700000	0.103082  	0.700000	0.103676  	0.700000	0.103676  	0.700000	0.103013  	0.700000	6.90424e-05	
0.800000	0.0785904 	0.800000	0.0947198 	0.800000	0.0951802 	0.800000	0.0951802 	0.800000	0.0946583 	0.800000	6.14507e-05	
0.900000	0.0733717 	0.900000	0.0877514 	0.900000	0.0881467 	0.900000	0.0881467 	0.900000	0.0876959 	0.900000	5.54371e-05	
1.000000	0.0688195 	1.000000	0.0818415 	1.000000	0.082216  	1.000000	0.082216  	1.000000	0.0817909 	1.000000	5.0549e-05	
1.250000	0.0596591 	1.250000	0.0703083 	1.250000	0.0707262 	1.250000	0.0707262 	1.250000	0.0702668 	1.250000	4.15499e-05	
1.500000	0.0527422 	1.500000	0.0618313 	1.500000	0.0623363 	1.500000	0.0623363 	1.500000	0.0617959 	1.500000	3.53812e-05	
1.750000	0.0473249 	1.750000	0.0552897 	1.750000	0.0558807 	1.750000	0.0558807 	1.750000	0.0552588 	1.750000	3.08748e-05	
2.000000	0.0429589 	2.000000	0.0500646 	2.000000	0.0507286 	2.000000	0.0507286 	2.000000	0.0500372 	2.000000	2.74309e-05	
2.250000	0.0393603 	2.250000	0.0457832 	2.250000	0.0465056 	2.250000	0.0465056 	2.250000	0.0457585 	2.250000	2.47088e-05	
2.500000	0.0357322 	2.500000	0.0422052 	2.500000	0.042973  	2.500000	0.042973  	2.500000	0.0421827 	2.500000	2.25001e-05	
3.000000	0.0311888 	3.000000	0.0365549 	3.000000	0.0373832 	3.000000	0.0373832 	3.000000	0.0365358 	3.000000	1.91282e-05	
3.500000	0.0277447 	3.500000	0.0322888 	3.500000	0.0331497 	3.500000	0.0331497 	3.500000	0.0322721 	3.500000	1.66697e-05	
4.000000	0.0250361 	4.000000	0.0289505 	4.000000	0.0298266 	4.000000	0.0298266 	4.000000	0.0289358 	4.000000	1.47937e-05	
4.500000	0.0228452 	4.500000	0.0262654 	4.500000	0.0271455 	4.500000	0.0271455 	4.500000	0.0262521 	4.500000	1.33128e-05	
5.000000	0.0210337 	5.000000	0.0240574 	5.000000	0.0249347 	5.000000	0.0249347 	5.000000	0.0240453 	5.000000	1.21126e-05	
5.500000	0.0195088 	5.500000	0.0222087 	5.500000	0.0230786 	5.500000	0.0230786 	5.500000	0.0221975 	5.500000	1.11193e-05	
6.000000	0.0182061 	6.000000	0.0206371 	6.000000	0.021497  	6.000000	0.021497  	6.000000	0.0206268 	6.000000	1.02829e-05	
6.500000	0.0170795 	6.500000	0.019284  	6.500000	0.020132  	6.500000	0.020132  	6.500000	0.0192744 	6.500000	9.56855e-06	
7.000000	0.0160947 	7.000000	0.0181061 	7.000000	0.0189412 	7.000000	0.0189412 	7.000000	0.0180971 	7.000000	8.95096e-06	
7.500000	0.015226  	7.500000	0.0170709 	7.500000	0.0178926 	7.500000	0.0178926 	7.500000	0.0170625 	7.500000	8.41146e-06	
8.000000	0.0144536 	8.000000	0.0161535 	8.000000	0.0169616 	8.000000	0.0169616 	8.000000	0.0161456 	8.000000	7.93594e-06	
8.500000	0.0137621 	8.500000	0.0153346 	8.500000	0.016129  	8.500000	0.016129  	8.500000	0.0153271 	8.500000	7.5135e-06	
9.000000	0.0131391 	9.000000	0.0145988 	9.000000	0.0153796 	9.000000	0.0153796 	9.000000	0.0145917 	9.000000	7.1356e-06	
9.500000	0.0125747 	9.500000	0.0139339 	9.500000	0.0147013 	9.500000	0.0147013 	9.500000	0.0139271 	9.500000	6.79546e-06	
10.000000	0.0120609 	10.000000	0.0138003 	10.000000	0.0140841 	10.000000	0.0140841 	10.000000	0.0137939 	10.000000	6.4876e-06	
11.000000	0.0111594 	11.000000	0.0127843 	11.000000	0.012989  	11.000000	0.0129897 	11.000000	0.0127784 	11.000000	5.95173e-06	
12.000000	0.0103939 	12.000000	0.0119179 	12.000000	0.0120621 	12.000000	0.0120633 	12.000000	0.0119124 	12.000000	5.50087e-06	
13.000000	0.00973522	13.000000	0.0111698 	13.000000	0.0112672 	13.000000	0.0112685 	13.000000	0.0111647 	13.000000	5.11603e-06	
14.000000	0.00916205	14.000000	0.010517  	14.000000	0.0105779 	14.000000	0.0105792 	14.000000	0.0105122 	14.000000	4.78354e-06	
15.000000	0.00865848	15.000000	0.00994213	15.000000	0.00997423	15.000000	0.00997548	15.000000	0.00993763	15.000000	4.49326e-06	
16.000000	0.00821235	16.000000	0.00943178	16.000000	0.00944124	16.000000	0.00944244	16.000000	0.00942754	16.000000	4.23753e-06	
17.000000	0.00781419	17.000000	0.00897551	17.000000	0.00896734	17.000000	0.00896839	17.000000	0.0089715 	17.000000	4.01045e-06	
18.000000	0.00745652	18.000000	0.00856504	18.000000	0.00854331	18.000000	0.00854411	18.000000	0.00856123	18.000000	3.8074e-06	
19.000000	0.00713336	19.000000	0.00819369	19.000000	0.00816166	19.000000	0.00816224	19.000000	0.00819006	19.000000	3.62472e-06	
20.000000	0.00683984	20.000000	0.00785603	20.000000	0.00781624	20.000000	0.00781682	20.000000	0.00785257	20.000000	3.45944e-06	
21.000000	0.006572  	21.000000	0.00754762	21.000000	0.00750234	21.000000	0.00750297	21.000000	0.00754431	21.000000	3.30916e-06	
22.000000	0.00632655	22.000000	0.00726476	22.000000	0.00721617	22.000000	0.00721665	22.000000	0.00726158	22.000000	3.1719e-06	
23.000000	0.00610075	23.000000	0.00700434	23.000000	0.00695435	23.000000	0.00695449	23.000000	0.00700129	23.000000	3.04602e-06	
24.000000	0.00589227	24.000000	0.00676376	24.000000	0.00671384	24.000000	0.00671364	24.000000	0.00676083	24.000000	2.93014e-06	
25.000000	0.00569917	25.000000	0.0065408 	25.000000	0.00649222	25.000000	0.00649172	25.000000	0.00653798	25.000000	2.82309e-06	
27.000000	0.00535263	27.000000	0.00614042	27.000000	0.00609797	27.000000	0.00609671	27.000000	0.00613779	27.000000	2.63171e-06	
29.000000	0.00505035	29.000000	0.00579096	29.000000	0.0057578 	29.000000	0.00575623	29.000000	0.00578849	29.000000	2.46554e-06	
31.000000	0.00478422	31.000000	0.00548314	31.000000	0.00545688	31.000000	0.00545524	31.000000	0.00548082	31.000000	2.31986e-06	
33.000000	0.00454802	33.000000	0.00520985	33.000000	0.00518628	33.000000	0.00518412	33.000000	0.00520766	33.000000	2.19105e-06	
35.000000	0.00433686	35.000000	0.00496552	35.000000	0.00494374	35.000000	0.0049417 	35.000000	0.00496344	35.000000	2.07631e-06	
38.000000	0.00405888	38.000000	0.00464385	38.000000	0.00462484	38.000000	0.00462247	38.000000	0.00464192	38.000000	1.92586e-06	
41.000000	0.00381876	41.000000	0.00436604	41.000000	0.0043491 	41.000000	0.00434667	41.000000	0.00436425	41.000000	1.79647e-06	
44.000000	0.00360914	44.000000	0.0041236 	44.000000	0.00410802	44.000000	0.00410588	44.000000	0.00412191	44.000000	1.68397e-06	
47.000000	0.00342443	47.000000	0.00391008	47.000000	0.00389616	47.000000	0.00389372	47.000000	0.00390849	47.000000	1.58522e-06	
50.000000	0.00326038	50.000000	0.00372054	50.000000	0.00370777	50.000000	0.00370531	50.000000	0.00371904	50.000000	1.4978e-06	
55.000000	0.00302407	55.000000	0.00344778	55.000000	0.00343668	55.000000	0.003434  	55.000000	0.00344641	55.000000	1.37242e-06	
60.000000	0.00282456	60.000000	0.00321779	60.000000	0.00320754	60.000000	0.00320507	60.000000	0.00321653	60.000000	1.26708e-06	
65.000000	0.0026537 	65.000000	0.00302114	65.000000	0.00301171	65.000000	0.00300918	65.000000	0.00301996	65.000000	1.17727e-06	
70.000000	0.00250564	70.000000	0.00285099	70.000000	0.00284215	70.000000	0.00283958	70.000000	0.00284989	70.000000	1.09977e-06	
75.000000	0.002376  	75.000000	0.00270226	75.000000	0.00269361	75.000000	0.00269124	75.000000	0.00270123	75.000000	1.03217e-06	
80.000000	0.00226148	80.000000	0.00257112	80.000000	0.00256294	80.000000	0.00256037	80.000000	0.00257015	80.000000	9.72682e-07	
85.000000	0.00215952	85.000000	0.00245458	85.000000	0.00244645	85.000000	0.00244401	85.000000	0.00245366	85.000000	9.19903e-07	
90.000000	0.00206813	90.000000	0.0023503 	90.000000	0.00234219	90.000000	0.00233986	90.000000	0.00234943	90.000000	8.72749e-07	
95.000000	0.00198571	95.000000	0.00225644	95.000000	0.00224856	95.000000	0.00224606	95.000000	0.00225561	95.000000	8.30356e-07	
100.000000	0.00191096	100.000000	0.00217148	100.000000	0.00216353	100.000000	0.00216115	100.000000	0.00217069	100.000000	7.9203e-07	
105.000000	0.00184284	105.000000	0.00209422	105.000000	0.00208618	105.000000	0.00208389	105.000000	0.00209346	105.000000	7.57205e-07	
110.000000	0.00178049	110.000000	0.00202363	110.000000	0.00201547	110.000000	0.00201329	110.000000	0.0020229 	110.000000	7.25418e-07	
115.000000	0.00172318	115.000000	0.00195888	115.000000	0.00195077	115.000000	0.00194852	115.000000	0.00195819	115.000000	6.96284e-07	
120.000000	0.00167032	120.000000	0.00189928	120.000000	0.00189118	120.000000	0.00188888	120.000000	0.00189861	120.000000	6.69479e-07	
125.000000	0.00162138	125.000000	0.00184422	125.000000	0.00183597	125.000000	0.00183378	125.000000	0.00184357	125.000000	6.44731e-07	
130.000000	0.00157595	130.000000	0.0017932 	130.000000	0.00178484	130.000000	0.00178272	130.000000	0.00179258	130.000000	6.21811e-07	
135.000000	0.00153364	135.000000	0.00174579	135.000000	0.00173748	135.000000	0.00173527	135.000000	0.00174519	135.000000	6.00521e-07	
140.000000	0.00149414	140.000000	0.00170162	140.000000	0.00169328	140.000000	0.00169105	140.000000	0.00170104	140.000000	5.8069e-07	
145.000000	0.00145717	145.000000	0.00166036	145.000000	0.00165189	145.000000	0.00164975	145.000000	0.0016598 	145.000000	5.62172e-07	
150.000000	0.00142248	150.000000	0.00162174	150.000000	0.00161317	150.000000	0.00161109	150.000000	0.00162119	150.000000	5.44839e-07	
155.000000	0.00137364	155.000000	0.0015855 	155.000000	0.00157683	155.000000	0.00157481	155.000000	0.00158497	155.000000	5.2858e-07	
160.000000	0.00134502	160.000000	0.00155143	160.000000	0.00154271	160.000000	0.00154071	160.000000	0.00155092	160.000000	5.13296e-07	
165.000000	0.00131803	165.000000	0.00151935	165.000000	0.00151067	165.000000	0.0015086 	165.000000	0.00151885	165.000000	4.98902e-07	
170.000000	0.00129253	170.000000	0.00148908	170.000000	0.00148038	170.000000	0.0014783 	170.000000	0.00148859	170.000000	4.85321e-07	
175.000000	0.0012684 	175.000000	0.00146047	175.000000	0.00145169	175.000000	0.00144967	175.000000	0.00146   	175.000000	4.72486e-07	
180.000000	0.00124553	180.000000	0.00143339	180.000000	0.00142455	180.000000	0.00142258	180.000000	0.00143293	180.000000	4.60335e-07	
185.000000	0.00122383	185.000000	0.00140772	185.000000	0.00139882	185.000000	0.0013969 	185.000000	0.00140727	185.000000	4.48815e-07	
190.000000	0.00120321	190.000000	0.00138335	190.000000	0.0013744 	190.000000	0.00137252	190.000000	0.00138292	190.000000	4.37877e-07	
195.000000	0.00118358	195.000000	0.00136019	195.000000	0.00135124	195.000000	0.00134935	195.000000	0.00135976	195.000000	4.27479e-07	
200.000000	0.00116488	200.000000	0.00133815	200.000000	0.00132925	200.000000	0.00132731	200.000000	0.00133773	200.000000	4.17579e-07	
210.000000	0.00113   	210.000000	0.0012971 	210.000000	0.00128818	210.000000	0.00128627	210.000000	0.00129671	210.000000	3.9914e-07	
220.000000	0.00109813	220.000000	0.00125968	220.000000	0.00125071	220.000000	0.00124887	220.000000	0.00125929	220.000000	3.82313e-07	
230.000000	0.00106888	230.000000	0.00122541	230.000000	0.00121641	230.000000	0.00121464	230.000000	0.00122504	230.000000	3.66893e-07	
240.000000	0.00104194	240.000000	0.00119391	240.000000	0.00118501	240.000000	0.00118319	240.000000	0.00119356	240.000000	3.5271e-07	
250.000000	0.00101705	250.000000	0.00116487	250.000000	0.00115604	250.000000	0.00115421	250.000000	0.00116453	250.000000	3.39617e-07	
260.000000	0.000993986	260.000000	0.00113801	260.000000	0.00112918	260.000000	0.00112742	260.000000	0.00113769	260.000000	3.27494e-07	
270.000000	0.000972548	270.000000	0.0011131 	270.000000	0.0011043 	270.000000	0.00110259	270.000000	0.00111278	270.000000	3.16234e-07	
280.000000	0.000952571	280.000000	0.00108993	280.000000	0.00108118	280.000000	0.0010795 	280.000000	0.00108962	280.000000	3.05748e-07	
290.000000	0.000933912	290.000000	0.00106833	290.000000	0.00105972	290.000000	0.001058  	290.000000	0.00106803	290.000000	2.95958e-07	
300.000000	0.000916444	300.000000	0.00104814	300.000000	0.00103964	300.000000	0.00103791	300.000000	0.00104786	300.000000	2.86796e-07	
310.000000	0.000900059	310.000000	0.00102924	310.000000	0.00102079	310.000000	0.00101911	310.000000	0.00102896	310.000000	2.78202e-07	
320.000000	0.000884658	320.000000	0.00101151	320.000000	0.00100313	320.000000	0.00100149	320.000000	0.00101124	320.000000	2.70126e-07	
330.000000	0.000870157	330.000000	0.000994837	330.000000	0.000986532	330.000000	0.000984927	330.000000	0.000994575	330.000000	2.6252e-07	
340.000000	0.00085648	340.000000	0.000979141	340.000000	0.000970934	340.000000	0.000969345	340.000000	0.000978885	340.000000	2.55346e-07	
350.000000	0.00084356	350.000000	0.000964337	350.000000	0.000956287	350.000000	0.000954658	350.000000	0.000964088	350.000000	2.48565e-07	
360.000000	0.000831336	360.000000	0.000950353	360.000000	0.000942437	360.000000	0.000940796	360.000000	0.000950111	360.000000	2.42148e-07	
370.000000	0.000819755	370.000000	0.000937126	370.000000	0.000929213	370.000000	0.000927605	370.000000	0.00093689	370.000000	2.36064e-07	
380.000000	0.000808769	380.000000	0.000924596	380.000000	0.000916696	380.000000	0.000915117	380.000000	0.000924365	380.000000	2.30288e-07	
390.000000	0.000798333	390.000000	0.000912712	390.000000	0.000904835	390.000000	0.000903279	390.000000	0.000912487	390.000000	2.24798e-07	
400.000000	0.000788409	400.000000	0.000901427	400.000000	0.000893568	400.000000	0.000892044	400.000000	0.000901207	400.000000	2.19572e-07	
410.000000	0.000778961	410.000000	0.000890698	410.000000	0.000882877	410.000000	0.000881368	410.000000	0.000890483	410.000000	2.14591e-07	
420.000000	0.000769957	420.000000	0.000880487	420.000000	0.000872745	420.000000	0.000871213	420.000000	0.000880277	420.000000	2.09839e-07	
430.000000	0.000761367	430.000000	0.000870758	430.000000	0.000863102	430.000000	0.000861543	430.000000	0.000870553	430.000000	2.05299e-07	
440.000000	0.000753164	440.000000	0.00086148	440.000000	0.000853878	440.000000	0.000852325	440.000000	0.000861279	440.000000	2.00959e-07	
450.000000	0.000745324	450.000000	0.000852624	450.000000	0.000845058	450.000000	0.000843531	450.000000	0.000852427	450.000000	1.96804e-07	
460.000000	0.000737825	460.000000	0.000844162	460.000000	0.000836639	460.000000	0.000835133	460.000000	0.00084397	460.000000	1.92822e-07	
470.000000	0.000730645	470.000000	0.000836071	470.000000	0.000828597	470.000000	0.000827106	470.000000	0.000835882	470.000000	1.89005e-07	
480.000000	0.000723765	480.000000	0.000828328	480.000000	0.000820899	480.000000	0.000819428	480.000000	0.000828143	480.000000	1.8534e-07	
490.000000	0.000717169	490.000000	0.000820912	490.000000	0.000813526	490.000000	0.000812077	490.000000	0.00082073	490.000000	1.81819e-07	
500.000000	0.00071084	500.000000	0.000813804	500.000000	0.000806474	500.000000	0.000805035	500.000000	0.000813626	500.000000	1.78434e-07	
520.000000	0.000698925	520.000000	0.000800443	520.000000	0.000793279	520.000000	0.000791805	520.000000	0.000800271	520.000000	1.72041e-07	
540.000000	0.000687912	540.000000	0.000788119	540.000000	0.000781089	540.000000	0.000779611	540.000000	0.000787953	540.000000	1.66104e-07	
560.000000	0.000677711	560.000000	0.000776725	560.000000	0.000769786	560.000000	0.000768344	560.000000	0.000776565	560.000000	1.60576e-07	
580.000000	0.00066824	580.000000	0.000766167	580.000000	0.000759328	580.000000	0.000757908	580.000000	0.000766011	580.000000	1.55415e-07	
600.000000	0.000659432	600.000000	0.000756363	600.000000	0.000749613	600.000000	0.000748221	600.000000	0.000756212	600.000000	1.50586e-07	
620.000000	0.000651225	620.000000	0.000747242	620.000000	0.000740587	620.000000	0.000739212	620.000000	0.000747096	620.000000	1.46057e-07	
640.000000	0.000643566	640.000000	0.000738742	640.000000	0.000732215	640.000000	0.000730817	640.000000	0.0007386 	640.000000	1.41802e-07	
660.000000	0.000636407	660.000000	0.000730807	660.000000	0.000724397	660.000000	0.00072298	660.000000	0.00073067	660.000000	1.37795e-07	
680.000000	0.000629707	680.000000	0.000723391	680.000000	0.000717055	680.000000	0.000715653	680.000000	0.000723256	680.000000	1.34015e-07	
700.000000	0.000623428	700.000000	0.000716448	700.000000	0.000710171	700.000000	0.000708792	700.000000	0.000716317	700.000000	1.30444e-07	
720.000000	0.000617537	720.000000	0.00070994	720.000000	0.000703722	720.000000	0.000702359	720.000000	0.000709813	720.000000	1.27064e-07	
740.000000	0.000612005	740.000000	0.000703834	740.000000	0.000697665	740.000000	0.000696317	740.000000	0.00070371	740.000000	1.2386e-07	
760.000000	0.000606804	760.000000	0.000698097	760.000000	0.000691964	760.000000	0.000690637	760.000000	0.000697977	760.000000	1.20819e-07	
780.000000	0.00060191	780.000000	0.000692704	780.000000	0.000686606	780.000000	0.000685289	780.000000	0.000692586	780.000000	1.17928e-07	
800.000000	0.000597303	800.000000	0.000687627	800.000000	0.000681576	800.000000	0.00068025	800.000000	0.000687512	800.000000	1.15177e-07	
820.000000	0.000592961	820.000000	0.000682845	820.000000	0.000676841	820.000000	0.000675496	820.000000	0.000682733	820.000000	1.12555e-07	
840.000000	0.000588867	840.000000	0.000678337	840.000000	0.000672362	840.000000	0.000671007	840.000000	0.000678227	840.000000	1.10054e-07	
860.000000	0.000585005	860.000000	0.000674085	860.000000	0.000668112	860.000000	0.000666764	860.000000	0.000673977	860.000000	1.07665e-07	
880.000000	0.000581359	880.000000	0.000670071	880.000000	0.000664083	880.000000	0.000662749	880.000000	0.000669966	880.000000	1.0538e-07	
900.000000	0.000577917	900.000000	0.00066628	900.000000	0.000660267	900.000000	0.000658948	900.000000	0.000666177	900.000000	1.03194e-07	
920.000000	0.000574665	920.000000	0.000662698	920.000000	0.000656653	920.000000	0.000655346	920.000000	0.000662596	920.000000	1.01099e-07	
940.000000	0.000571592	940.000000	0.000659311	940.000000	0.000653228	940.000000	0.000651929	940.000000	0.000659212	940.000000	9.90904e-08	
960.000000	0.000568688	960.000000	0.000656108	960.000000	0.000649979	960.000000	0.000648687	960.000000	0.000656011	960.000000	9.71625e-08	
980.000000	0.000565943	980.000000	0.000653077	980.000000	0.000646893	980.000000	0.000645608	980.000000	0.000652982	980.000000	9.53105e-08	
1000.000000	0.000563348	1000.000000	0.00065021	1000.000000	0.00064396	1000.000000	0.000642682	1000.000000	0.000650116	1000.000000	9.353e-08 	
1020.000000	0.000560894	1020.000000	0.000647495	1020.000000	0.000641169	1020.000000	0.0006399 	1020.000000	0.000647403	1020.000000	9.18169e-08	
1040.000000	0.000558574	1040.000000	0.000644925	1040.000000	0.000638511	1040.000000	0.000637253	1040.000000	0.000644835	1040.000000	9.01674e-08	
1060.000000	0.000556382	1060.000000	0.000642491	1060.000000	0.000635981	1060.000000	0.000634734	1060.000000	0.000642403	1060.000000	8.85779e-08	
1080.000000	0.000554309	1080.000000	0.000640187	1080.000000	0.000633573	1080.000000	0.000632334	1080.000000	0.0006401 	1080.000000	8.70453e-08	
1100.000000	0.000552351	1100.000000	0.000638005	1100.000000	0.000631282	1100.000000	0.000630047	1100.000000	0.000637919	1100.000000	8.55664e-08	
1120.000000	0.0005505 	1120.000000	0.000635938	1120.000000	0.000629104	1120.000000	0.000627868	1120.000000	0.000635854	1120.000000	8.41385e-08	
1140.000000	0.000548753	1140.000000	0.000633981	1140.000000	0.000627033	1140.000000	0.000625789	1140.000000	0.000633899	1140.000000	8.2759e-08	
1160.000000	0.000547104	1160.000000	0.000632129	1160.000000	0.000625059	1160.000000	0.000623805	1160.000000	0.000632048	1160.000000	8.14254e-08	
1180.000000	0.000545548	1180.000000	0.000630376	1180.000000	0.000623174	1180.000000	0.000621912	1180.000000	0.000630295	1180.000000	8.01355e-08	
1200.000000	0.000544081	1200.000000	0.000628716	1200.000000	0.000621371	1200.000000	0.000620104	1200.000000	0.000628637	1200.000000	7.8887e-08	
1220.000000	0.0005427 	1220.000000	0.000627147	1220.000000	0.000619645	1220.000000	0.000618377	1220.000000	0.000627069	1220.000000	7.76781e-08	
1240.000000	0.000541399	1240.000000	0.000625662	1240.000000	0.000617992	1240.000000	0.000616727	1240.000000	0.000625586	1240.000000	7.65068e-08	
1260.000000	0.000540175	1260.000000	0.00062426	1260.000000	0.00061641	1260.000000	0.00061515	1260.000000	0.000624184	1260.000000	7.53714e-08	
1280.000000	0.000539026	1280.000000	0.000622934	1280.000000	0.000614895	1280.000000	0.000613643	1280.000000	0.00062286	1280.000000	7.42703e-08	
1300.000000	0.000537948	1300.000000	0.000621683	1300.000000	0.000613447	1300.000000	0.000612202	1300.000000	0.00062161	1300.000000	7.32019e-08	
1320.000000	0.000536937	1320.000000	0.000620503	1320.000000	0.000612062	1320.000000	0.000610823	1320.000000	0.000620431	1320.000000	7.21648e-08	
1340.000000	0.000535992	1340.000000	0.00061939	1340.000000	0.000610738	1340.000000	0.000609504	1340.000000	0.000619319	1340.000000	7.11575e-08	
1360.000000	0.000535109	1360.000000	0.000618342	1360.000000	0.000609472	1360.000000	0.000608242	1360.000000	0.000618272	1360.000000	7.01788e-08	
1380.000000	0.000534286	1380.000000	0.000617356	1380.000000	0.000608261	1380.000000	0.000607034	1380.000000	0.000617287	1380.000000	6.92276e-08	
1400.000000	0.00053352	1400.000000	0.00061643	1400.000000	0.000607101	1400.000000	0.000605878	1400.000000	0.000616361	1400.000000	6.83026e-08	
1420.000000	0.00053281	1420.000000	0.00061556	1420.000000	0.00060599	1420.000000	0.000604771	1420.000000	0.000615493	1420.000000	6.74027e-08	
1440.000000	0.000532153	1440.000000	0.000614745	1440.000000	0.000604926	1440.000000	0.000603711	1440.000000	0.000614678	1440.000000	6.6527e-08	
1460.000000	0.000531547	1460.000000	0.000613982	1460.000000	0.000603907	1460.000000	0.000602697	1460.000000	0.000613916	1460.000000	6.56744e-08	
1480.000000	0.00053099	1480.000000	0.000613269	1480.000000	0.00060293	1480.000000	0.000601725	1480.000000	0.000613204	1480.000000	6.48442e-08	
1500.000000	0.00053048	1500.000000	0.000612605	1500.000000	0.000601994	1500.000000	0.000600794	1500.000000	0.000612541	1500.000000	6.40352e-08	
1520.000000	0.000530016	1520.000000	0.000611987	1520.000000	0.000601098	1520.000000	0.000599903	1520.000000	0.000611924	1520.000000	6.32469e-08	
1540.000000	0.000529596	1540.000000	0.000611414	1540.000000	0.000600241	1540.000000	0.00059905	1540.000000	0.000611351	1540.000000	6.24783e-08	
1560.000000	0.000529219	1560.000000	0.000610883	1560.000000	0.000599421	1560.000000	0.000598232	1560.000000	0.000610822	1560.000000	6.17288e-08	
1580.000000	0.000528883	1580.000000	0.000610394	1580.000000	0.000598636	1580.000000	0.000597449	1580.000000	0.000610333	1580.000000	6.09976e-08	
1600.000000	0.000528586	1600.000000	0.000609945	1600.000000	0.000597886	1600.000000	0.000596699	1600.000000	0.000609884	1600.000000	6.0284e-08	
1620.000000	0.000528327	1620.000000	0.000609534	1620.000000	0.00059717	1620.000000	0.000595981	1620.000000	0.000609474	1620.000000	5.95875e-08	
1640.000000	0.000528105	1640.000000	0.00060916	1640.000000	0.000596485	1640.000000	0.000595293	1640.000000	0.000609101	1640.000000	5.89074e-08	
1660.000000	0.000527919	1660.000000	0.000608821	1660.000000	0.00059583	1660.000000	0.000594634	1660.000000	0.000608763	1660.000000	5.82431e-08	
1680.000000	0.000527768	1680.000000	0.000608517	1680.000000	0.000595203	1680.000000	0.000594003	1680.000000	0.000608459	1680.000000	5.75941e-08	
1700.000000	0.00052765	1700.000000	0.000608246	1700.000000	0.000594604	1700.000000	0.000593399	1700.000000	0.000608189	1700.000000	5.69598e-08	
1750.000000	0.000527495	1750.000000	0.000607706	1750.000000	0.000593214	1750.000000	0.000592001	1750.000000	0.00060765	1750.000000	5.54354e-08	
1800.000000	0.000527526	1800.000000	0.000607349	1800.000000	0.000591966	1800.000000	0.000590748	1800.000000	0.000607295	1800.000000	5.39929e-08	
1850.000000	0.000527731	1850.000000	0.000607162	1850.000000	0.000590846	1850.000000	0.000589629	1850.000000	0.000607109	1850.000000	5.26258e-08	
1900.000000	0.000528097	1900.000000	0.00060713	1900.000000	0.000589842	1900.000000	0.00058863	1900.000000	0.000607079	1900.000000	5.13283e-08	
1950.000000	0.000528613	1950.000000	0.000607242	1950.000000	0.000588947	1950.000000	0.000587741	1950.000000	0.000607192	1950.000000	5.0095e-08	
2000.000000	0.000529269	2000.000000	0.000607487	2000.000000	0.000588151	2000.000000	0.000586952	2000.000000	0.000607438	2000.000000	4.89214e-08	
2100.000000	0.000530964	2100.000000	0.000608337	2100.000000	0.00058683	2100.000000	0.000585643	2100.000000	0.00060829	2100.000000	4.67364e-08	
2200.000000	0.000533118	2200.000000	0.000609615	2200.000000	0.000585822	2200.000000	0.000584641	2200.000000	0.00060957	2200.000000	4.47436e-08	
2300.000000	0.000535679	2300.000000	0.000611263	2300.000000	0.000585073	2300.000000	0.000583899	2300.000000	0.00061122	2300.000000	4.29185e-08	
2400.000000	0.000538603	2400.000000	0.000613236	2400.000000	0.000584545	2400.000000	0.000583377	2400.000000	0.000613195	2400.000000	4.12405e-08	
2500.000000	0.000541851	2500.000000	0.000615495	2500.000000	0.000584202	2500.000000	0.000583043	2500.000000	0.000615455	2500.000000	3.96925e-08	
2600.000000	0.000545392	2600.000000	0.000618006	2600.000000	0.00058402	2600.000000	0.000582868	2600.000000	0.000617967	2600.000000	3.82597e-08	
2700.000000	0.000549198	2700.000000	0.000620741	2700.000000	0.000583977	2700.000000	0.00058283	2700.000000	0.000620704	2700.000000	3.69297e-08	
2800.000000	0.000553245	2800.000000	0.000623675	2800.000000	0.000584053	2800.000000	0.00058291	2800.000000	0.000623639	2800.000000	3.56916e-08	
2900.000000	0.000557514	2900.000000	0.000626788	2900.000000	0.000584234	2900.000000	0.00058309	2900.000000	0.000626754	2900.000000	3.45361e-08	
3000.000000	0.000561985	3000.000000	0.000630062	3000.000000	0.000584504	3000.000000	0.000583357	3000.000000	0.000630029	3000.000000	3.34552e-08	
3200.000000	0.000571478	3200.000000	0.000637029	3200.000000	0.000585263	3200.000000	0.000584107	3200.000000	0.000636998	3200.000000	3.14898e-08	
3400.000000	0.000581617	3400.000000	0.000644472	3400.000000	0.000586246	3400.000000	0.000585083	3400.000000	0.000644442	3400.000000	2.97484e-08	
3600.000000	0.000592323	3600.000000	0.000652308	3600.000000	0.000587396	3600.000000	0.000586226	3600.000000	0.00065228	3600.000000	2.81945e-08	
3800.000000	0.00060353	3800.000000	0.000660474	3800.000000	0.000588667	3800.000000	0.000587495	3800.000000	0.000660447	3800.000000	2.67991e-08	
4000.000000	0.000615184	4000.000000	0.000668917	4000.000000	0.000590027	4000.000000	0.000588856	4000.000000	0.000668891	4000.000000	2.55389e-08	
4200.000000	0.000627244	4200.000000	0.000677595	4200.000000	0.000591452	4200.000000	0.000590284	4200.000000	0.000677571	4200.000000	2.43951e-08	
4400.000000	0.000639674	4400.000000	0.000686475	4400.000000	0.000592925	4400.000000	0.00059176	4400.000000	0.000686452	4400.000000	2.3352e-08	
4600.000000	0.000652444	4600.000000	0.000695529	4600.000000	0.00059443	4600.000000	0.000593268	4600.000000	0.000695506	4600.000000	2.23968e-08	
4800.000000	0.000665531	4800.000000	0.000704732	4800.000000	0.000595955	4800.000000	0.000594797	4800.000000	0.00070471	4800.000000	2.15188e-08	
5000.000000	0.000678912	5000.000000	0.000714065	5000.000000	0.000597492	5000.000000	0.000596337	5000.000000	0.000714044	5000.000000	2.07088e-08	
5250.000000	0.000696027	5250.000000	0.000725889	5250.000000	0.000599419	5250.000000	0.000598267	5250.000000	0.00072587	5250.000000	1.97805e-08	
5500.000000	0.000713546	5500.000000	0.000737864	5500.000000	0.000601341	5500.000000	0.000600192	5500.000000	0.000737845	5500.000000	1.8934e-08	
6000.000000	0.000749705	6000.000000	0.000762181	6000.000000	0.000605143	6000.000000	0.000603997	6000.000000	0.000762163	6000.000000	1.74464e-08	
6500.000000	0.000787237	6500.000000	0.000786877	6500.000000	0.000608854	6500.000000	0.000607711	6500.000000	0.00078686	6500.000000	1.6181e-08	
7000.000000	0.000826033	7000.000000	0.000811856	7000.000000	0.000612451	7000.000000	0.000611311	7000.000000	0.000811841	7000.000000	1.50911e-08	
7500.000000	0.000866014	7500.000000	0.000837048	7500.000000	0.000615925	7500.000000	0.000614787	7500.000000	0.000837034	7500.000000	1.41423e-08	
8000.000000	0.000907118	8000.000000	0.000862401	8000.000000	0.000619279	8000.000000	0.000618136	8000.000000	0.000862388	8000.000000	1.33086e-08	
8500.000000	0.000949299	8500.000000	0.000887877	8500.000000	0.000622492	8500.000000	0.00062136	8500.000000	0.000887864	8500.000000	1.25701e-08	
9000.000000	0.00099252	9000.000000	0.000913445	9000.000000	0.000625568	9000.000000	0.000624462	9000.000000	0.000913433	9000.000000	1.19113e-08	
9500.000000	0.00103675	9500.000000	0.000939082	9500.000000	0.000628532	9500.000000	0.000627447	9500.000000	0.000939071	9500.000000	1.13198e-08	
10000.000000	0.00108197	10000.000000	0.000964772	10000.000000	0.000631398	10000.000000	0.00063032	10000.000000	0.000964761	10000.000000	1.07857e-08	
11000.000000	0.00117531	11000.000000	0.00101625	11000.000000	0.000636835	11000.000000	0.000635753	11000.000000	0.00101624	11000.000000	9.8591e-09	
12000.000000	0.00127243	12000.000000	0.0010678 	12000.000000	0.000641894	12000.000000	0.000640807	12000.000000	0.00106779	12000.000000	9.08262e-09	
13000.000000	0.00137325	13000.000000	0.00111937	13000.000000	0.000646608	13000.000000	0.000645522	13000.000000	0.00111936	13000.000000	8.42227e-09	
14000.000000	0.00147772	14000.000000	0.00117092	14000.000000	0.000651015	14000.000000	0.000649936	14000.000000	0.00117091	14000.000000	7.85361e-09	
15000.000000	0.00158582	15000.000000	0.00122243	15000.000000	0.000655149	15000.000000	0.000654081	15000.000000	0.00122242	15000.000000	7.35866e-09	
16000.000000	0.00169751	16000.000000	0.00127388	16000.000000	0.000659042	16000.000000	0.000657984	16000.000000	0.00127387	16000.000000	6.92384e-09	
17000.000000	0.0018128 	17000.000000	0.00132526	17000.000000	0.00066272	17000.000000	0.000661671	17000.000000	0.00132525	17000.000000	6.53875e-09	
18000.000000	0.00193166	18000.000000	0.00137656	18000.000000	0.000666203	18000.000000	0.000665163	18000.000000	0.00137656	18000.000000	6.19524e-09	
19000.000000	0.00205411	19000.000000	0.00142779	19000.000000	0.000669511	19000.000000	0.000668477	19000.000000	0.00142778	19000.000000	5.88688e-09	
20000.000000	0.00218015	20000.000000	0.00147893	20000.000000	0.000672659	20000.000000	0.00067163	20000.000000	0.00147893	20000.000000	5.60849e-09	
21000.000000	0.00230977	21000.000000	0.00152999	21000.000000	0.000675665	21000.000000	0.000674637	21000.000000	0.00152999	21000.000000	5.35588e-09	
22000.000000	0.00244298	22000.000000	0.00158097	22000.000000	0.000678542	22000.000000	0.000677509	22000.000000	0.00158096	22000.000000	5.12559e-09	
23000.000000	0.00257981	23000.000000	0.00163186	23000.000000	0.000681264	23000.000000	0.000680257	23000.000000	0.00163186	23000.000000	4.91476e-09	
24000.000000	0.00272024	24000.000000	0.00168267	24000.000000	0.00068387	24000.000000	0.000682891	24000.000000	0.00168267	24000.000000	4.72101e-09	
25000.000000	0.00286431	25000.000000	0.0017334 	25000.000000	0.0006864 	25000.000000	0.000685421	25000.000000	0.00173339	25000.000000	4.54233e-09	
26000.000000	0.00301202	26000.000000	0.00178404	26000.000000	0.000688831	26000.000000	0.000687853	26000.000000	0.00178404	26000.000000	4.37701e-09	
27000.000000	0.00316338	27000.000000	0.00183461	27000.000000	0.000691156	27000.000000	0.000690194	27000.000000	0.0018346 	27000.000000	4.2236e-09	
28000.000000	0.00331842	28000.000000	0.0018851 	28000.000000	0.000693392	28000.000000	0.000692452	28000.000000	0.00188509	28000.000000	4.08084e-09	
29000.000000	0.00347714	29000.000000	0.00193551	29000.000000	0.000695553	29000.000000	0.000694631	29000.000000	0.0019355 	29000.000000	3.94765e-09	
30000.000000	0.00363957	30000.000000	0.00198584	30000.000000	0.000697645	30000.000000	0.000696736	30000.000000	0.00198584	30000.000000	3.82309e-09	
32000.000000	0.00397559	32000.000000	0.00208629	32000.000000	0.000701625	32000.000000	0.000700745	32000.000000	0.00208629	32000.000000	3.5967e-09	
34000.000000	0.00432665	34000.000000	0.00218646	34000.000000	0.000705352	34000.000000	0.00070451	34000.000000	0.00218646	34000.000000	3.39622e-09	
36000.000000	0.00469286	36000.000000	0.00228636	36000.000000	0.000708862	36000.000000	0.00070806	36000.000000	0.00228636	36000.000000	3.21742e-09	
38000.000000	0.0050744 	38000.000000	0.00238601	38000.000000	0.000712184	38000.000000	0.000711416	38000.000000	0.002386  	38000.000000	3.05694e-09	
40000.000000	0.00547142	40000.000000	0.00248541	40000.000000	0.000715335	40000.000000	0.000714599	40000.000000	0.0024854 	40000.000000	2.91207e-09	
42000.000000	0.00588407	42000.000000	0.00258457	42000.000000	0.000718328	42000.000000	0.000717625	42000.000000	0.00258456	42000.000000	2.78063e-09	
44000.000000	0.00631251	44000.000000	0.0026835 	44000.000000	0.000721175	44000.000000	0.000720508	44000.000000	0.0026835 	44000.000000	2.66081e-09	
46000.000000	0.00675692	46000.000000	0.00278222	46000.000000	0.000723889	46000.000000	0.000723262	46000.000000	0.00278222	46000.000000	2.55114e-09	
48000.000000	0.00721746	48000.000000	0.00288073	48000.000000	0.000726481	48000.000000	0.000725896	48000.000000	0.00288073	48000.000000	2.45036e-09	
50000.000000	0.00769429	50000.000000	0.00297904	50000.000000	0.00072896	50000.000000	0.000728422	50000.000000	0.00297904	50000.000000	2.35742e-09	
