Energy (MeV/u)1	0 - [He-base] F.Hubert et al, AD&ND Tables 46(1990)1	Energy (MeV/u)2	1 - [H -base] J.F.Ziegler et al, Pergamon Press, NY (low energy)	Energy (MeV/u)3	2 - ATIMA 1.2  LS-theory (recommended for high energy)	Energy (MeV/u)4	3 - ATIMA 1.2  without LS-correction	Energy (MeV/u)5	4 - electrical component of [1] - J.F.Ziegler et al	Energy (MeV/u)6	5 - nuclear component of [1] - J.F.Ziegler et al	
0.001000	0.0557756 	0.001000	0.0316257 	0.001000	0.0306516 	0.001000	0.0306516 	0.001000	0.0271127 	0.001000	0.00451296	
0.002000	0.0664503 	0.002000	0.0405045 	0.002000	0.0391738 	0.002000	0.0391738 	0.002000	0.0370371 	0.002000	0.00346745	
0.005000	0.0872693 	0.005000	0.0580986 	0.005000	0.0560887 	0.005000	0.0560887 	0.005000	0.0559384 	0.005000	0.00216022	
0.008000	0.101545  	0.008000	0.0707353 	0.008000	0.068252  	0.008000	0.068252  	0.008000	0.0691136 	0.008000	0.00162166	
0.010000	0.109328  	0.010000	0.0778174 	0.010000	0.0750717 	0.010000	0.0750717 	0.010000	0.076414  	0.010000	0.00140332	
0.015000	0.131862  	0.015000	0.0920241 	0.015000	0.0894805 	0.015000	0.0894805 	0.015000	0.0909579 	0.015000	0.00106619	
0.020000	0.150325  	0.020000	0.102738  	0.020000	0.101496  	0.020000	0.101496  	0.020000	0.101876  	0.020000	0.000862154	
0.025000	0.165594  	0.025000	0.11094   	0.025000	0.111997  	0.025000	0.111997  	0.025000	0.110206  	0.025000	0.000733573	
0.030000	0.178139  	0.030000	0.117173  	0.030000	0.117378  	0.030000	0.117378  	0.030000	0.116532  	0.030000	0.000641167	
0.035000	0.188269  	0.035000	0.121821  	0.035000	0.121456  	0.035000	0.121456  	0.035000	0.12125   	0.035000	0.000571209	
0.040000	0.196226  	0.040000	0.125181  	0.040000	0.124479  	0.040000	0.124479  	0.040000	0.124664  	0.040000	0.000516208	
0.045000	0.20223   	0.045000	0.127493  	0.045000	0.126636  	0.045000	0.126636  	0.045000	0.127021  	0.045000	0.00047171	
0.050000	0.20649   	0.050000	0.128958  	0.050000	0.128083  	0.050000	0.128083  	0.050000	0.128524  	0.050000	0.000434891	
0.055000	0.209214  	0.055000	0.129748  	0.055000	0.128944  	0.055000	0.128944  	0.055000	0.129344  	0.055000	0.000403869	
0.060000	0.210607  	0.060000	0.130001  	0.060000	0.129328  	0.060000	0.129328  	0.060000	0.129624  	0.060000	0.000377338	
0.070000	0.210173  	0.070000	0.129352  	0.070000	0.129007  	0.070000	0.129007  	0.070000	0.129017  	0.070000	0.000334251	
0.080000	0.206621  	0.080000	0.127712  	0.080000	0.12768   	0.080000	0.12768   	0.080000	0.127411  	0.080000	0.00030067	
0.090000	0.20113   	0.090000	0.125537  	0.090000	0.125738  	0.090000	0.125738  	0.090000	0.125263  	0.090000	0.000273691	
0.100000	0.194592  	0.100000	0.123108  	0.100000	0.12345   	0.100000	0.12345   	0.100000	0.122856  	0.100000	0.000251498	
0.120000	0.180678  	0.120000	0.11809   	0.120000	0.118486  	0.120000	0.118486  	0.120000	0.117873  	0.120000	0.000217046	
0.140000	0.167629  	0.140000	0.1133    	0.140000	0.113571  	0.140000	0.113571  	0.140000	0.113108  	0.140000	0.000191449	
0.160000	0.1563    	0.160000	0.108902  	0.160000	0.108988  	0.160000	0.108988  	0.160000	0.10873   	0.160000	0.000171618	
0.180000	0.146729  	0.180000	0.104901  	0.180000	0.104805  	0.180000	0.104805  	0.180000	0.104745  	0.180000	0.000155764	
0.200000	0.138676  	0.200000	0.101255  	0.200000	0.101008  	0.200000	0.101008  	0.200000	0.101113  	0.200000	0.000142775	
0.250000	0.123381  	0.250000	0.0933985 	0.250000	0.092927  	0.250000	0.092927  	0.250000	0.0932799 	0.250000	0.000118605	
0.300000	0.112476  	0.300000	0.0868964 	0.300000	0.086365  	0.300000	0.086365  	0.300000	0.0867946 	0.300000	0.000101823	
0.350000	0.104102  	0.350000	0.0813821 	0.350000	0.080876  	0.350000	0.080876  	0.350000	0.0812927 	0.350000	8.94409e-05	
0.400000	0.0973119 	0.400000	0.0766233 	0.400000	0.0761789 	0.400000	0.0761789 	0.400000	0.0765434 	0.400000	7.99008e-05	
0.450000	0.0915971 	0.450000	0.0724626 	0.450000	0.0720914 	0.450000	0.0720914 	0.450000	0.0723903 	0.450000	7.23088e-05	
0.500000	0.0866646 	0.500000	0.0687873 	0.500000	0.0684887 	0.500000	0.0684887 	0.500000	0.0687211 	0.500000	6.61131e-05	
0.600000	0.0784764 	0.600000	0.0625748 	0.600000	0.0624022 	0.600000	0.0624022 	0.600000	0.0625182 	0.600000	5.65871e-05	
0.700000	0.0718767 	0.700000	0.0575121 	0.700000	0.0574345 	0.700000	0.0574345 	0.700000	0.0574626 	0.700000	4.95851e-05	
0.800000	0.0664027 	0.800000	0.0532978 	0.800000	0.0532882 	0.800000	0.0532882 	0.800000	0.0532535 	0.800000	4.4207e-05	
0.900000	0.061771  	0.900000	0.0497287 	0.900000	0.0497666 	0.900000	0.0497666 	0.900000	0.0496888 	0.900000	3.9938e-05	
1.000000	0.057792  	1.000000	0.0466629 	1.000000	0.0467333 	1.000000	0.0467333 	1.000000	0.0466264 	1.000000	3.64618e-05	
1.250000	0.0499055 	1.250000	0.0405893 	1.250000	0.0406993 	1.250000	0.0406993 	1.250000	0.0405593 	1.250000	3.00464e-05	
1.500000	0.04403   	1.500000	0.0360647 	1.500000	0.0361825 	1.500000	0.0361825 	1.500000	0.036039  	1.500000	2.56358e-05	
1.750000	0.0394691 	1.750000	0.0325486 	1.750000	0.0326601 	1.750000	0.0326601 	1.750000	0.0325262 	1.750000	2.24063e-05	
2.000000	0.0358178 	2.000000	0.0297284 	2.000000	0.0298276 	2.000000	0.0298276 	2.000000	0.0297085 	2.000000	1.99335e-05	
2.250000	0.0328237 	2.250000	0.0274101 	2.250000	0.0274948 	2.250000	0.0274948 	2.250000	0.0273922 	2.250000	1.79759e-05	
2.500000	0.0301896 	2.500000	0.0254666 	2.500000	0.0255363 	2.500000	0.0255363 	2.500000	0.0254503 	2.500000	1.63853e-05	
3.000000	0.0263609 	3.000000	0.0223816 	3.000000	0.022423  	3.000000	0.022423  	3.000000	0.0223676 	3.000000	1.3953e-05	
3.500000	0.0234551 	3.500000	0.020033  	3.500000	0.0200502 	3.500000	0.0200502 	3.500000	0.0200208 	3.500000	1.21761e-05	
4.000000	0.0211681 	4.000000	0.0181782 	4.000000	0.0181753 	4.000000	0.0181753 	4.000000	0.0181674 	4.000000	1.08181e-05	
4.500000	0.0193175 	4.500000	0.0166721 	4.500000	0.0166523 	4.500000	0.0166523 	4.500000	0.0166623 	4.500000	9.74465e-06	
5.000000	0.0177868 	5.000000	0.0154218 	5.000000	0.0153881 	5.000000	0.0153881 	5.000000	0.0154129 	5.000000	8.87371e-06	
5.500000	0.016498  	5.500000	0.0143653 	5.500000	0.0143201 	5.500000	0.0143201 	5.500000	0.0143572 	5.500000	8.15214e-06	
6.000000	0.0153968 	6.000000	0.0134594 	6.000000	0.0134045 	6.000000	0.0134045 	6.000000	0.0134519 	6.000000	7.54404e-06	
6.500000	0.0144443 	6.500000	0.012673  	6.500000	0.01261   	6.500000	0.01261   	6.500000	0.012666  	6.500000	7.02423e-06	
7.000000	0.0136117 	7.000000	0.0119833 	7.000000	0.0119133 	7.000000	0.0119133 	7.000000	0.0119767 	7.000000	6.57451e-06	
7.500000	0.0128772 	7.500000	0.0113727 	7.500000	0.0112969 	7.500000	0.0112969 	7.500000	0.0113665 	7.500000	6.1814e-06	
8.000000	0.0122241 	8.000000	0.010828  	8.000000	0.0107473 	8.000000	0.0107473 	8.000000	0.0108222 	8.000000	5.83469e-06	
8.500000	0.0116393 	8.500000	0.0103388 	8.500000	0.0102538 	8.500000	0.0102538 	8.500000	0.0103332 	8.500000	5.52652e-06	
9.000000	0.0111125 	9.000000	0.00989657	9.000000	0.009808  	9.000000	0.009808  	9.000000	0.00989132	9.000000	5.25069e-06	
9.500000	0.0106352 	9.500000	0.00949475	9.500000	0.00940309	9.500000	0.00940309	9.500000	0.00948975	9.500000	5.0023e-06	
10.000000	0.0102006 	10.000000	0.00917149	10.000000	0.00903351	10.000000	0.00903351	10.000000	0.00916671	10.000000	4.77738e-06	
11.000000	0.00943831	11.000000	0.0085462 	11.000000	0.00838502	11.000000	0.0083851 	11.000000	0.00854181	11.000000	4.38564e-06	
12.000000	0.00879089	12.000000	0.00800565	12.000000	0.00783272	12.000000	0.00783289	12.000000	0.0080016 	12.000000	4.05579e-06	
13.000000	0.0082338 	13.000000	0.00753376	13.000000	0.00735645	13.000000	0.00735655	13.000000	0.00752998	13.000000	3.77406e-06	
14.000000	0.00774904	14.000000	0.00711819	14.000000	0.00694118	14.000000	0.00694117	14.000000	0.00711466	14.000000	3.53049e-06	
15.000000	0.00732315	15.000000	0.0067494 	15.000000	0.00657553	15.000000	0.00657554	15.000000	0.00674608	15.000000	3.31772e-06	
16.000000	0.00694583	16.000000	0.00641985	16.000000	0.00625118	16.000000	0.00625109	16.000000	0.00641672	16.000000	3.13018e-06	
17.000000	0.00660908	17.000000	0.00612356	17.000000	0.00596146	17.000000	0.00596111	17.000000	0.0061206 	17.000000	2.96357e-06	
18.000000	0.00630657	18.000000	0.00585569	18.000000	0.0057008 	18.000000	0.00570033	18.000000	0.00585288	18.000000	2.81452e-06	
19.000000	0.00603325	19.000000	0.0056123 	19.000000	0.00546495	19.000000	0.00546448	19.000000	0.00560962	19.000000	2.68037e-06	
20.000000	0.005785  	20.000000	0.00539014	20.000000	0.00525061	20.000000	0.00525014	20.000000	0.00538758	20.000000	2.55895e-06	
21.000000	0.00555847	21.000000	0.00518653	21.000000	0.00505497	21.000000	0.00505446	21.000000	0.00518408	21.000000	2.44851e-06	
22.000000	0.00535087	22.000000	0.0049992 	22.000000	0.0048756 	22.000000	0.00487511	22.000000	0.00499685	22.000000	2.3476e-06	
23.000000	0.00515989	23.000000	0.00482626	23.000000	0.00471062	23.000000	0.00471012	23.000000	0.004824  	23.000000	2.25503e-06	
24.000000	0.00498357	24.000000	0.00466608	24.000000	0.00455854	24.000000	0.00455784	24.000000	0.00466392	24.000000	2.16978e-06	
25.000000	0.00482024	25.000000	0.0045173 	25.000000	0.00441789	25.000000	0.00441688	25.000000	0.00451521	25.000000	2.09101e-06	
27.000000	0.00452715	27.000000	0.00424931	27.000000	0.00416552	27.000000	0.00416424	27.000000	0.00424736	27.000000	1.95013e-06	
29.000000	0.00427149	29.000000	0.00401454	29.000000	0.00394572	29.000000	0.00394446	29.000000	0.00401271	29.000000	1.82774e-06	
31.000000	0.00404641	31.000000	0.00380711	31.000000	0.00374837	31.000000	0.0037471 	31.000000	0.00380539	31.000000	1.72039e-06	
33.000000	0.00384663	33.000000	0.00362245	33.000000	0.00356855	33.000000	0.00356736	33.000000	0.00362083	33.000000	1.62543e-06	
35.000000	0.00366804	35.000000	0.00345696	35.000000	0.00340728	35.000000	0.00340622	35.000000	0.00345542	35.000000	1.54081e-06	
38.000000	0.00343292	38.000000	0.00323853	38.000000	0.00319484	38.000000	0.00319341	38.000000	0.0032371 	38.000000	1.4298e-06	
41.000000	0.00322984	41.000000	0.00304938	41.000000	0.00301044	41.000000	0.00300896	41.000000	0.00304805	41.000000	1.33428e-06	
44.000000	0.00305254	44.000000	0.00288393	44.000000	0.00284882	44.000000	0.00284747	44.000000	0.00288268	44.000000	1.25119e-06	
47.000000	0.00289632	47.000000	0.00273793	47.000000	0.0027061 	47.000000	0.00270482	47.000000	0.00273675	47.000000	1.17822e-06	
50.000000	0.00275757	50.000000	0.0026081 	50.000000	0.00257905	50.000000	0.00257784	50.000000	0.00260698	50.000000	1.11361e-06	
55.000000	0.0025577 	55.000000	0.00242089	55.000000	0.00239562	55.000000	0.00239451	55.000000	0.00241987	55.000000	1.02089e-06	
60.000000	0.00238896	60.000000	0.00226271	60.000000	0.00224044	60.000000	0.00223934	60.000000	0.00226176	60.000000	9.42937e-07	
65.000000	0.00224445	65.000000	0.00212721	65.000000	0.00210751	65.000000	0.00210622	65.000000	0.00212633	65.000000	8.76453e-07	
70.000000	0.00211922	70.000000	0.00200979	70.000000	0.00199187	70.000000	0.00199069	70.000000	0.00200897	70.000000	8.19051e-07	
75.000000	0.00200957	75.000000	0.00190702	75.000000	0.00189056	75.000000	0.00188944	75.000000	0.00190626	75.000000	7.68967e-07	
80.000000	0.00191272	80.000000	0.0018163 	80.000000	0.00180099	80.000000	0.00179994	80.000000	0.00181558	80.000000	7.24869e-07	
85.000000	0.00182649	85.000000	0.0017356 	85.000000	0.00172123	85.000000	0.00172024	85.000000	0.00173491	85.000000	6.85734e-07	
90.000000	0.00174919	90.000000	0.00166333	90.000000	0.00164974	90.000000	0.00164878	90.000000	0.00166268	90.000000	6.50758e-07	
95.000000	0.00167947	95.000000	0.00159822	95.000000	0.00158548	95.000000	0.00158434	95.000000	0.0015976 	95.000000	6.19303e-07	
100.000000	0.00161625	100.000000	0.00153925	100.000000	0.00152701	100.000000	0.00152593	100.000000	0.00153866	100.000000	5.90858e-07	
105.000000	0.00155864	105.000000	0.00148558	105.000000	0.00147375	105.000000	0.00147272	105.000000	0.00148502	105.000000	5.65005e-07	
110.000000	0.0015059 	110.000000	0.00143653	110.000000	0.00142504	110.000000	0.00142404	110.000000	0.00143598	110.000000	5.414e-07 	
115.000000	0.00145744	115.000000	0.00139151	115.000000	0.0013803 	115.000000	0.00137934	115.000000	0.00139099	115.000000	5.1976e-07	
120.000000	0.00141272	120.000000	0.00135004	120.000000	0.00133907	120.000000	0.00133814	120.000000	0.00134954	120.000000	4.99846e-07	
125.000000	0.00137134	125.000000	0.00131172	125.000000	0.00130094	125.000000	0.00130004	125.000000	0.00131124	125.000000	4.81456e-07	
130.000000	0.00133291	130.000000	0.00127619	130.000000	0.00126558	130.000000	0.00126471	130.000000	0.00127573	130.000000	4.64421e-07	
135.000000	0.00129712	135.000000	0.00124317	135.000000	0.00123267	135.000000	0.00123185	135.000000	0.00124272	135.000000	4.48594e-07	
140.000000	0.00126371	140.000000	0.00121239	140.000000	0.00120209	140.000000	0.00120121	140.000000	0.00121196	140.000000	4.33849e-07	
145.000000	0.00123244	145.000000	0.00118363	145.000000	0.00117353	145.000000	0.00117257	145.000000	0.00118321	145.000000	4.20077e-07	
150.000000	0.00120311	150.000000	0.0011567 	150.000000	0.00114667	150.000000	0.00114574	150.000000	0.0011563 	150.000000	4.07185e-07	
155.000000	0.0011618 	155.000000	0.00113143	155.000000	0.00112145	155.000000	0.00112055	155.000000	0.00113103	155.000000	3.95089e-07	
160.000000	0.00113759	160.000000	0.00110767	160.000000	0.00109774	160.000000	0.00109686	160.000000	0.00110728	160.000000	3.83718e-07	
165.000000	0.00111476	165.000000	0.00108528	165.000000	0.0010754 	165.000000	0.00107454	165.000000	0.0010849 	165.000000	3.73006e-07	
170.000000	0.00109319	170.000000	0.00106415	170.000000	0.00105431	170.000000	0.00105347	170.000000	0.00106379	170.000000	3.62898e-07	
175.000000	0.00107279	175.000000	0.00104418	175.000000	0.00103437	175.000000	0.00103355	175.000000	0.00104382	175.000000	3.53343e-07	
180.000000	0.00105345	180.000000	0.00102527	180.000000	0.0010155 	180.000000	0.00101469	180.000000	0.00102492	180.000000	3.44297e-07	
185.000000	0.00103509	185.000000	0.00100734	185.000000	0.000997597	185.000000	0.000996807	185.000000	0.00100701	185.000000	3.35719e-07	
190.000000	0.00101765	190.000000	0.000990321	190.000000	0.000980604	190.000000	0.000979827	190.000000	0.000989993	190.000000	3.27574e-07	
195.000000	0.00100105	195.000000	0.000974139	195.000000	0.000964434	195.000000	0.000963682	195.000000	0.000973819	195.000000	3.19829e-07	
200.000000	0.000985233	200.000000	0.000958736	200.000000	0.000949047	200.000000	0.000948315	200.000000	0.000958423	200.000000	3.12455e-07	
210.000000	0.000955735	210.000000	0.000930051	210.000000	0.000920515	210.000000	0.000919697	210.000000	0.000929752	210.000000	2.98718e-07	
220.000000	0.000928775	220.000000	0.000903885	220.000000	0.00089441	220.000000	0.000893595	220.000000	0.000903599	220.000000	2.86179e-07	
230.000000	0.000904037	230.000000	0.000879922	230.000000	0.000870476	230.000000	0.000869694	230.000000	0.000879647	230.000000	2.74685e-07	
240.000000	0.000881255	240.000000	0.000857895	240.000000	0.000848491	240.000000	0.00084773	240.000000	0.000857631	240.000000	2.64111e-07	
250.000000	0.000860204	250.000000	0.00083758	250.000000	0.000828218	250.000000	0.000827479	250.000000	0.000837326	250.000000	2.54349e-07	
260.000000	0.000840695	260.000000	0.000818787	260.000000	0.000809471	260.000000	0.000808752	260.000000	0.000818541	260.000000	2.45308e-07	
270.000000	0.000822562	270.000000	0.000801352	270.000000	0.000792088	270.000000	0.000791386	270.000000	0.000801115	270.000000	2.36909e-07	
280.000000	0.000805666	280.000000	0.000785135	280.000000	0.000775925	280.000000	0.00077524	280.000000	0.000784906	280.000000	2.29086e-07	
290.000000	0.000789885	290.000000	0.000770013	290.000000	0.000760851	290.000000	0.000760192	290.000000	0.000769792	290.000000	2.21781e-07	
300.000000	0.000775111	300.000000	0.000755882	300.000000	0.000746829	300.000000	0.000746138	300.000000	0.000755667	300.000000	2.14943e-07	
310.000000	0.000761253	310.000000	0.000742648	310.000000	0.00073372	310.000000	0.000732983	310.000000	0.00074244	310.000000	2.08529e-07	
320.000000	0.000748227	320.000000	0.00073023	320.000000	0.000721369	320.000000	0.000720648	320.000000	0.000730028	320.000000	2.025e-07 	
330.000000	0.000735962	330.000000	0.000718557	330.000000	0.000709759	330.000000	0.000709058	330.000000	0.00071836	330.000000	1.96822e-07	
340.000000	0.000724395	340.000000	0.000707564	340.000000	0.000698842	340.000000	0.000698152	340.000000	0.000707373	340.000000	1.91464e-07	
350.000000	0.000713467	350.000000	0.000697196	350.000000	0.00068855	350.000000	0.000687872	350.000000	0.000697009	350.000000	1.86401e-07	
360.000000	0.000703128	360.000000	0.000687401	360.000000	0.000678833	360.000000	0.000678167	360.000000	0.00068722	360.000000	1.81607e-07	
370.000000	0.000693333	370.000000	0.000678136	370.000000	0.000669649	370.000000	0.000668993	370.000000	0.000677959	370.000000	1.77063e-07	
380.000000	0.000684041	380.000000	0.000669359	380.000000	0.000660954	380.000000	0.000660309	380.000000	0.000669186	380.000000	1.72748e-07	
390.000000	0.000675215	390.000000	0.000661034	390.000000	0.000652713	390.000000	0.000652077	390.000000	0.000660865	390.000000	1.68646e-07	
400.000000	0.000666822	400.000000	0.000653128	400.000000	0.000644892	400.000000	0.000644266	400.000000	0.000652963	400.000000	1.64741e-07	
410.000000	0.000658831	410.000000	0.000645611	410.000000	0.000637463	410.000000	0.000636846	410.000000	0.00064545	410.000000	1.61019e-07	
420.000000	0.000651215	420.000000	0.000638458	420.000000	0.000630399	420.000000	0.000629788	420.000000	0.0006383 	420.000000	1.57467e-07	
430.000000	0.00064395	430.000000	0.000631642	430.000000	0.00062367	430.000000	0.000623068	430.000000	0.000631488	430.000000	1.54073e-07	
440.000000	0.000637012	440.000000	0.000625142	440.000000	0.000617252	440.000000	0.000616665	440.000000	0.000624991	440.000000	1.50828e-07	
450.000000	0.000630381	450.000000	0.000618937	450.000000	0.000611138	450.000000	0.000610557	450.000000	0.000618789	450.000000	1.47722e-07	
460.000000	0.000624038	460.000000	0.000613009	460.000000	0.000605323	460.000000	0.000604725	460.000000	0.000612864	460.000000	1.44745e-07	
470.000000	0.000617965	470.000000	0.00060734	470.000000	0.000599779	470.000000	0.000599152	470.000000	0.000607198	470.000000	1.41891e-07	
480.000000	0.000612147	480.000000	0.000601915	480.000000	0.000594465	480.000000	0.000593823	480.000000	0.000601776	480.000000	1.3915e-07	
490.000000	0.000606568	490.000000	0.000596719	490.000000	0.00058936	490.000000	0.000588723	490.000000	0.000596583	490.000000	1.36517e-07	
500.000000	0.000601215	500.000000	0.000591739	500.000000	0.000584463	500.000000	0.000583838	500.000000	0.000591605	500.000000	1.33985e-07	
520.000000	0.000591137	520.000000	0.000582379	520.000000	0.000575275	520.000000	0.000574665	520.000000	0.00058225	520.000000	1.29202e-07	
540.000000	0.000581823	540.000000	0.000573746	540.000000	0.000566816	540.000000	0.000566215	540.000000	0.000573622	540.000000	1.2476e-07	
560.000000	0.000573195	560.000000	0.000565765	560.000000	0.000559002	560.000000	0.000558412	560.000000	0.000565644	560.000000	1.20624e-07	
580.000000	0.000565185	580.000000	0.00055837	580.000000	0.000551771	580.000000	0.000551191	580.000000	0.000558253	580.000000	1.16762e-07	
600.000000	0.000557735	600.000000	0.000551503	600.000000	0.000545063	600.000000	0.000544492	600.000000	0.00055139	600.000000	1.13147e-07	
620.000000	0.000550794	620.000000	0.000545116	620.000000	0.00053883	620.000000	0.000538267	620.000000	0.000545006	620.000000	1.09757e-07	
640.000000	0.000544316	640.000000	0.000539165	640.000000	0.000533027	640.000000	0.000532471	640.000000	0.000539058	640.000000	1.06571e-07	
660.000000	0.000538261	660.000000	0.00053361	660.000000	0.000527611	660.000000	0.000527065	660.000000	0.000533506	660.000000	1.0357e-07	
680.000000	0.000532594	680.000000	0.000528418	680.000000	0.000522549	680.000000	0.000522015	680.000000	0.000528318	680.000000	1.0074e-07	
700.000000	0.000527283	700.000000	0.000523559	700.000000	0.000517828	700.000000	0.00051729	700.000000	0.000523461	700.000000	9.80651e-08	
720.000000	0.000522301	720.000000	0.000519006	720.000000	0.000513425	720.000000	0.000512863	720.000000	0.00051891	720.000000	9.55332e-08	
740.000000	0.000517622	740.000000	0.000514734	740.000000	0.000509325	740.000000	0.000508744	740.000000	0.00051464	740.000000	9.31332e-08	
760.000000	0.000513223	760.000000	0.000510721	760.000000	0.00050553	760.000000	0.000504951	760.000000	0.000510631	760.000000	9.08547e-08	
780.000000	0.000509084	780.000000	0.000506949	780.000000	0.000501952	780.000000	0.000501383	780.000000	0.000506861	780.000000	8.86887e-08	
800.000000	0.000505187	800.000000	0.0005034 	800.000000	0.000498585	800.000000	0.000498024	800.000000	0.000503314	800.000000	8.66269e-08	
820.000000	0.000501515	820.000000	0.000500058	820.000000	0.000495414	820.000000	0.000494858	820.000000	0.000499973	820.000000	8.4662e-08	
840.000000	0.000498052	840.000000	0.000496908	840.000000	0.000492424	840.000000	0.000491871	840.000000	0.000496825	840.000000	8.27872e-08	
860.000000	0.000494786	860.000000	0.000493938	860.000000	0.0004896 	860.000000	0.000489052	860.000000	0.000493857	860.000000	8.09963e-08	
880.000000	0.000491702	880.000000	0.000491134	880.000000	0.00048693	880.000000	0.000486387	880.000000	0.000491055	880.000000	7.92838e-08	
900.000000	0.000488791	900.000000	0.000488488	900.000000	0.000484406	900.000000	0.000483867	900.000000	0.00048841	900.000000	7.76446e-08	
920.000000	0.000486041	920.000000	0.000485988	920.000000	0.000482017	920.000000	0.000481482	920.000000	0.000485912	920.000000	7.60741e-08	
940.000000	0.000483442	940.000000	0.000483625	940.000000	0.000479754	940.000000	0.000479223	940.000000	0.00048355	940.000000	7.45679e-08	
960.000000	0.000480986	960.000000	0.000481391	960.000000	0.00047761	960.000000	0.000477083	960.000000	0.000481318	960.000000	7.31221e-08	
980.000000	0.000478664	980.000000	0.000479279	980.000000	0.000475577	980.000000	0.000475053	980.000000	0.000479207	980.000000	7.17332e-08	
1000.000000	0.000476469	1000.000000	0.00047728	1000.000000	0.000473648	1000.000000	0.000473127	1000.000000	0.00047721	1000.000000	7.03978e-08	
1020.000000	0.000474394	1020.000000	0.00047539	1020.000000	0.000471817	1020.000000	0.000471299	1020.000000	0.000475321	1020.000000	6.91128e-08	
1040.000000	0.000472432	1040.000000	0.0004736 	1040.000000	0.000470078	1040.000000	0.000469563	1040.000000	0.000473533	1040.000000	6.78755e-08	
1060.000000	0.000470577	1060.000000	0.000471907	1060.000000	0.000468425	1060.000000	0.000467913	1060.000000	0.00047184	1060.000000	6.66831e-08	
1080.000000	0.000468824	1080.000000	0.000470305	1080.000000	0.000466853	1080.000000	0.000466345	1080.000000	0.000470239	1080.000000	6.55332e-08	
1100.000000	0.000467168	1100.000000	0.000468788	1100.000000	0.000465359	1100.000000	0.000464853	1100.000000	0.000468723	1100.000000	6.44237e-08	
1120.000000	0.000465603	1120.000000	0.000467352	1120.000000	0.000463938	1120.000000	0.000463434	1120.000000	0.000467289	1120.000000	6.33523e-08	
1140.000000	0.000464125	1140.000000	0.000465994	1140.000000	0.000462586	1140.000000	0.000462084	1140.000000	0.000465932	1140.000000	6.23171e-08	
1160.000000	0.00046273	1160.000000	0.000464709	1160.000000	0.000461298	1160.000000	0.000460798	1160.000000	0.000464648	1160.000000	6.13163e-08	
1180.000000	0.000461414	1180.000000	0.000463493	1180.000000	0.000460071	1180.000000	0.000459574	1180.000000	0.000463433	1180.000000	6.03482e-08	
1200.000000	0.000460174	1200.000000	0.000462344	1200.000000	0.000458902	1200.000000	0.000458407	1200.000000	0.000462285	1200.000000	5.94112e-08	
1220.000000	0.000459005	1220.000000	0.000461258	1220.000000	0.000457786	1220.000000	0.000457296	1220.000000	0.000461199	1220.000000	5.85038e-08	
1240.000000	0.000457905	1240.000000	0.000460231	1240.000000	0.000456723	1240.000000	0.000456237	1240.000000	0.000460174	1240.000000	5.76247e-08	
1260.000000	0.00045687	1260.000000	0.000459262	1260.000000	0.00045571	1260.000000	0.000455227	1260.000000	0.000459205	1260.000000	5.67724e-08	
1280.000000	0.000455898	1280.000000	0.000458347	1280.000000	0.000454745	1280.000000	0.000454264	1280.000000	0.000458291	1280.000000	5.59457e-08	
1300.000000	0.000454986	1300.000000	0.000457485	1300.000000	0.000453828	1300.000000	0.000453347	1300.000000	0.000457429	1300.000000	5.51436e-08	
1320.000000	0.000454131	1320.000000	0.000456672	1320.000000	0.000452955	1320.000000	0.000452471	1320.000000	0.000456617	1320.000000	5.43649e-08	
1340.000000	0.000453332	1340.000000	0.000455906	1340.000000	0.000452125	1340.000000	0.000451637	1340.000000	0.000455853	1340.000000	5.36087e-08	
1360.000000	0.000452585	1360.000000	0.000455187	1360.000000	0.000451336	1360.000000	0.00045084	1360.000000	0.000455134	1360.000000	5.28738e-08	
1380.000000	0.000451889	1380.000000	0.00045451	1380.000000	0.000450583	1380.000000	0.000450081	1380.000000	0.000454458	1380.000000	5.21595e-08	
1400.000000	0.000451241	1400.000000	0.000453876	1400.000000	0.000449865	1400.000000	0.000449356	1400.000000	0.000453824	1400.000000	5.14649e-08	
1420.000000	0.00045064	1420.000000	0.000453281	1420.000000	0.00044918	1420.000000	0.000448665	1420.000000	0.00045323	1420.000000	5.07891e-08	
1440.000000	0.000450085	1440.000000	0.000452725	1440.000000	0.000448524	1440.000000	0.000448006	1440.000000	0.000452675	1440.000000	5.01314e-08	
1460.000000	0.000449572	1460.000000	0.000452205	1460.000000	0.000447898	1460.000000	0.000447377	1460.000000	0.000452156	1460.000000	4.94911e-08	
1480.000000	0.000449101	1480.000000	0.000451721	1480.000000	0.000447298	1480.000000	0.000446777	1480.000000	0.000451672	1480.000000	4.88674e-08	
1500.000000	0.00044867	1500.000000	0.000451271	1500.000000	0.000446725	1500.000000	0.000446205	1500.000000	0.000451222	1500.000000	4.82598e-08	
1520.000000	0.000448278	1520.000000	0.000450853	1520.000000	0.000446178	1520.000000	0.000445659	1520.000000	0.000450805	1520.000000	4.76676e-08	
1540.000000	0.000447923	1540.000000	0.000450467	1540.000000	0.000445655	1540.000000	0.000445139	1540.000000	0.000450419	1540.000000	4.70903e-08	
1560.000000	0.000447603	1560.000000	0.00045011	1560.000000	0.000445157	1560.000000	0.000444643	1560.000000	0.000450064	1560.000000	4.65272e-08	
1580.000000	0.000447319	1580.000000	0.000449783	1580.000000	0.000444682	1580.000000	0.000444171	1580.000000	0.000449737	1580.000000	4.59778e-08	
1600.000000	0.000447068	1600.000000	0.000449484	1600.000000	0.000444229	1600.000000	0.00044372	1600.000000	0.000449438	1600.000000	4.54417e-08	
1620.000000	0.000446849	1620.000000	0.000449212	1620.000000	0.000443798	1620.000000	0.000443291	1620.000000	0.000449167	1620.000000	4.49184e-08	
1640.000000	0.000446662	1640.000000	0.000448965	1640.000000	0.000443388	1640.000000	0.000442883	1640.000000	0.000448921	1640.000000	4.44074e-08	
1660.000000	0.000446504	1660.000000	0.000448744	1660.000000	0.000442998	1660.000000	0.000442494	1660.000000	0.0004487 	1660.000000	4.39082e-08	
1680.000000	0.000446376	1680.000000	0.000448547	1680.000000	0.000442626	1680.000000	0.000442124	1680.000000	0.000448503	1680.000000	4.34205e-08	
1700.000000	0.000446276	1700.000000	0.000448373	1700.000000	0.000442273	1700.000000	0.000441772	1700.000000	0.00044833	1700.000000	4.29439e-08	
1750.000000	0.000446145	1750.000000	0.000448035	1750.000000	0.000441466	1750.000000	0.000440966	1750.000000	0.000447993	1750.000000	4.17983e-08	
1800.000000	0.000446172	1800.000000	0.000447825	1800.000000	0.000440756	1800.000000	0.000440258	1800.000000	0.000447785	1800.000000	4.07141e-08	
1850.000000	0.000446345	1850.000000	0.000447735	1850.000000	0.000440135	1850.000000	0.000439639	1850.000000	0.000447695	1850.000000	3.96865e-08	
1900.000000	0.000446655	1900.000000	0.000447754	1900.000000	0.000439594	1900.000000	0.000439101	1900.000000	0.000447715	1900.000000	3.87111e-08	
1950.000000	0.000447091	1950.000000	0.000447874	1950.000000	0.000439127	1950.000000	0.000438635	1950.000000	0.000447836	1950.000000	3.77839e-08	
2000.000000	0.000447646	2000.000000	0.000448087	2000.000000	0.000438726	2000.000000	0.000438237	2000.000000	0.000448051	2000.000000	3.69015e-08	
2100.000000	0.000449079	2100.000000	0.000448768	2100.000000	0.000438101	2100.000000	0.000437616	2100.000000	0.000448733	2100.000000	3.52584e-08	
2200.000000	0.000450901	2200.000000	0.000449749	2200.000000	0.000437681	2200.000000	0.000437198	2200.000000	0.000449715	2200.000000	3.37597e-08	
2300.000000	0.000453067	2300.000000	0.00045099	2300.000000	0.00043743	2300.000000	0.000436951	2300.000000	0.000450957	2300.000000	3.23868e-08	
2400.000000	0.00045554	2400.000000	0.000452459	2400.000000	0.000437323	2400.000000	0.000436846	2400.000000	0.000452428	2400.000000	3.11245e-08	
2500.000000	0.000458287	2500.000000	0.000454129	2500.000000	0.000437337	2500.000000	0.000436863	2500.000000	0.000454099	2500.000000	2.99597e-08	
2600.000000	0.000461282	2600.000000	0.000455977	2600.000000	0.000437454	2600.000000	0.000436981	2600.000000	0.000455948	2600.000000	2.88815e-08	
2700.000000	0.000464501	2700.000000	0.000457981	2700.000000	0.000437658	2700.000000	0.000437187	2700.000000	0.000457953	2700.000000	2.78805e-08	
2800.000000	0.000467924	2800.000000	0.000460126	2800.000000	0.000437935	2800.000000	0.000437466	2800.000000	0.000460099	2800.000000	2.69486e-08	
2900.000000	0.000471534	2900.000000	0.000462397	2900.000000	0.000438276	2900.000000	0.000437809	2900.000000	0.000462371	2900.000000	2.60788e-08	
3000.000000	0.000475317	3000.000000	0.00046478	3000.000000	0.00043867	3000.000000	0.000438204	3000.000000	0.000464755	3000.000000	2.5265e-08	
3200.000000	0.000483345	3200.000000	0.000469841	3200.000000	0.000439588	3200.000000	0.000439125	3200.000000	0.000469817	3200.000000	2.3785e-08	
3400.000000	0.000491921	3400.000000	0.000475237	3400.000000	0.00044064	3400.000000	0.000440179	3400.000000	0.000475214	3400.000000	2.24735e-08	
3600.000000	0.000500976	3600.000000	0.000480908	3600.000000	0.000441786	3600.000000	0.000441327	3600.000000	0.000480887	3600.000000	2.1303e-08	
3800.000000	0.000510454	3800.000000	0.000486811	3800.000000	0.000443  	3800.000000	0.000442542	3800.000000	0.000486791	3800.000000	2.02517e-08	
4000.000000	0.000520311	4000.000000	0.000492909	4000.000000	0.000444259	4000.000000	0.000443803	4000.000000	0.000492889	4000.000000	1.93021e-08	
4200.000000	0.000530511	4200.000000	0.000499172	4200.000000	0.000445549	4200.000000	0.000445094	4200.000000	0.000499153	4200.000000	1.844e-08 	
4400.000000	0.000541024	4400.000000	0.000505576	4400.000000	0.000446856	4400.000000	0.000446402	4400.000000	0.000505558	4400.000000	1.76538e-08	
4600.000000	0.000551825	4600.000000	0.000512101	4600.000000	0.000448171	4600.000000	0.000447718	4600.000000	0.000512084	4600.000000	1.69337e-08	
4800.000000	0.000562893	4800.000000	0.000518732	4800.000000	0.000449487	4800.000000	0.000449036	4800.000000	0.000518716	4800.000000	1.62717e-08	
5000.000000	0.000574211	5000.000000	0.000525454	5000.000000	0.000450799	5000.000000	0.000450348	5000.000000	0.000525438	5000.000000	1.56609e-08	
5250.000000	0.000588686	5250.000000	0.000533967	5250.000000	0.000452426	5250.000000	0.000451976	5250.000000	0.000533952	5250.000000	1.49608e-08	
5500.000000	0.000603504	5500.000000	0.000542586	5500.000000	0.000454034	5500.000000	0.000453585	5500.000000	0.000542571	5500.000000	1.43223e-08	
6000.000000	0.000634086	6000.000000	0.000560079	6000.000000	0.000457174	6000.000000	0.000456726	6000.000000	0.000560066	6000.000000	1.32e-08  	
6500.000000	0.00066583	6500.000000	0.000577837	6500.000000	0.0004602 	6500.000000	0.000459753	6500.000000	0.000577825	6500.000000	1.22451e-08	
7000.000000	0.000698643	7000.000000	0.000595794	7000.000000	0.000463103	7000.000000	0.000462657	7000.000000	0.000595782	7000.000000	1.14225e-08	
7500.000000	0.000732458	7500.000000	0.000613898	7500.000000	0.000465882	7500.000000	0.000465437	7500.000000	0.000613888	7500.000000	1.07062e-08	
8000.000000	0.000767223	8000.000000	0.000632115	8000.000000	0.000468542	8000.000000	0.000468097	8000.000000	0.000632105	8000.000000	1.00767e-08	
8500.000000	0.000802899	8500.000000	0.000650416	8500.000000	0.000471085	8500.000000	0.000470641	8500.000000	0.000650407	8500.000000	9.51899e-09	
9000.000000	0.000839455	9000.000000	0.000668781	9000.000000	0.000473517	9000.000000	0.000473075	9000.000000	0.000668772	9000.000000	9.02135e-09	
9500.000000	0.000876866	9500.000000	0.000687194	9500.000000	0.000475849	9500.000000	0.000475405	9500.000000	0.000687186	9500.000000	8.5745e-09	
10000.000000	0.000915113	10000.000000	0.000705643	10000.000000	0.000478084	10000.000000	0.000477638	10000.000000	0.000705635	10000.000000	8.17098e-09	
11000.000000	0.000994058	11000.000000	0.000742608	11000.000000	0.00048228	11000.000000	0.000481836	11000.000000	0.0007426 	11000.000000	7.47073e-09	
12000.000000	0.0010762 	12000.000000	0.000779618	12000.000000	0.000486142	12000.000000	0.000485713	12000.000000	0.000779611	12000.000000	6.88379e-09	
13000.000000	0.00116147	13000.000000	0.000816637	13000.000000	0.00048973	13000.000000	0.000489309	13000.000000	0.000816631	13000.000000	6.38452e-09	
14000.000000	0.00124983	14000.000000	0.00085364	14000.000000	0.000493087	14000.000000	0.000492656	14000.000000	0.000853634	14000.000000	5.95448e-09	
15000.000000	0.00134125	15000.000000	0.000890611	15000.000000	0.000496232	15000.000000	0.000495784	15000.000000	0.000890605	15000.000000	5.58012e-09	
16000.000000	0.00143572	16000.000000	0.000927539	16000.000000	0.000499176	16000.000000	0.000498717	16000.000000	0.000927533	16000.000000	5.25117e-09	
17000.000000	0.00153323	17000.000000	0.000964415	17000.000000	0.000501936	17000.000000	0.000501476	17000.000000	0.000964411	17000.000000	4.9598e-09	
18000.000000	0.00163377	18000.000000	0.00100124	18000.000000	0.00050453	18000.000000	0.000504079	18000.000000	0.00100123	18000.000000	4.69986e-09	
19000.000000	0.00173733	19000.000000	0.001038  	19000.000000	0.000506976	19000.000000	0.000506541	19000.000000	0.001038  	19000.000000	4.46648e-09	
20000.000000	0.00184393	20000.000000	0.0010747 	20000.000000	0.000509288	20000.000000	0.000508877	20000.000000	0.0010747 	20000.000000	4.25575e-09	
21000.000000	0.00195356	21000.000000	0.00111135	21000.000000	0.000511484	21000.000000	0.000511096	21000.000000	0.00111134	21000.000000	4.06451e-09	
22000.000000	0.00206623	22000.000000	0.00114793	22000.000000	0.000513586	22000.000000	0.000513211	22000.000000	0.00114792	22000.000000	3.89015e-09	
23000.000000	0.00218195	23000.000000	0.00118445	23000.000000	0.000515603	23000.000000	0.000515229	23000.000000	0.00118444	23000.000000	3.73051e-09	
24000.000000	0.00230073	24000.000000	0.00122091	24000.000000	0.000517533	24000.000000	0.000517159	24000.000000	0.0012209 	24000.000000	3.58378e-09	
25000.000000	0.00242258	25000.000000	0.00125731	25000.000000	0.000519373	25000.000000	0.000519008	25000.000000	0.00125731	25000.000000	3.44845e-09	
26000.000000	0.00254751	26000.000000	0.00129365	26000.000000	0.000521141	26000.000000	0.000520782	26000.000000	0.00129365	26000.000000	3.32323e-09	
27000.000000	0.00267553	27000.000000	0.00132994	27000.000000	0.000522847	27000.000000	0.000522485	27000.000000	0.00132993	27000.000000	3.20701e-09	
28000.000000	0.00280666	28000.000000	0.00136616	28000.000000	0.000524487	28000.000000	0.000524125	28000.000000	0.00136616	28000.000000	3.09886e-09	
29000.000000	0.0029409 	29000.000000	0.00140234	29000.000000	0.000526059	29000.000000	0.000525704	29000.000000	0.00140233	29000.000000	2.99795e-09	
30000.000000	0.00307828	30000.000000	0.00143845	30000.000000	0.000527567	30000.000000	0.000527227	30000.000000	0.00143845	30000.000000	2.90357e-09	
32000.000000	0.00336248	32000.000000	0.00151053	32000.000000	0.000530426	32000.000000	0.00053012	32000.000000	0.00151053	32000.000000	2.732e-09 	
34000.000000	0.00365939	34000.000000	0.00158241	34000.000000	0.00053311	34000.000000	0.000532829	34000.000000	0.00158241	34000.000000	2.58006e-09	
36000.000000	0.00396914	36000.000000	0.00165409	36000.000000	0.000535636	36000.000000	0.000535374	36000.000000	0.00165409	36000.000000	2.44452e-09	
38000.000000	0.00429183	38000.000000	0.00172559	38000.000000	0.00053802	38000.000000	0.000537774	38000.000000	0.00172559	38000.000000	2.32285e-09	
40000.000000	0.00462762	40000.000000	0.00179691	40000.000000	0.000540274	40000.000000	0.000540045	40000.000000	0.00179691	40000.000000	2.21301e-09	
42000.000000	0.00497663	42000.000000	0.00186806	42000.000000	0.000542412	42000.000000	0.000542198	42000.000000	0.00186806	42000.000000	2.11333e-09	
44000.000000	0.005339  	44000.000000	0.00193905	44000.000000	0.000544443	44000.000000	0.000544245	44000.000000	0.00193904	44000.000000	2.02247e-09	
46000.000000	0.00571488	46000.000000	0.00200988	46000.000000	0.000546378	46000.000000	0.000546195	46000.000000	0.00200988	46000.000000	1.93928e-09	
48000.000000	0.00610439	48000.000000	0.00208056	48000.000000	0.000548223	48000.000000	0.000548058	48000.000000	0.00208056	48000.000000	1.86283e-09	
50000.000000	0.00650769	50000.000000	0.0021511 	50000.000000	0.000549985	50000.000000	0.00054984	50000.000000	0.0021511 	50000.000000	1.79233e-09	
